word_count,num_links,spam_words,is_fraud
33,0,0,0
23,0,0,0
18,0,0,0
1,0,0,0
13,0,0,0
14,0,0,0
14,0,0,0
5,0,0,0
24,0,0,0
41,0,1,0
873,1,2,0
1,0,0,0
8,0,0,0
17,0,0,0
10,0,0,0
29,0,0,0
5,0,0,0
5,0,0,0
5,0,0,0
16,0,1,0
19,0,0,0
810,0,0,0
7,0,0,0
6,0,0,0
8,0,0,0
273,0,1,0
3,0,0,0
1,0,0,0
5,0,0,0
37,0,1,0
8,0,0,0
23,0,0,0
17,0,0,0
26,0,0,0
35,0,0,0
15,0,0,0
4,0,0,0
47,0,0,0
4,0,0,0
6,0,0,0
20,0,0,0
4,0,0,0
58,0,0,0
7,0,0,0
1,0,0,0
89,0,0,0
21,0,0,0
93,0,0,0
11,0,0,0
44,0,0,0
102,0,0,0
5,0,0,0
16,0,0,0
26,0,0,0
14,0,0,0
2,0,0,0
13,0,0,0
24,0,0,0
305,0,1,0
13,0,1,0
154,0,1,0
78,0,0,0
103,0,0,0
44,0,0,0
71,0,0,0
1,0,0,0
17,0,0,0
30,0,0,0
1,0,0,0
16,0,0,0
51,0,0,0
2,0,0,0
45,0,0,0
8,0,0,0
1,0,0,0
9,0,0,0
30,0,0,0
60,0,0,0
46,0,0,0
13,0,0,0
16,0,0,0
10,0,0,0
18,0,1,0
6,0,0,0
237,0,0,0
1,0,0,0
15,0,0,0
14,0,0,0
24,0,0,0
12,0,0,0
3,0,0,0
8,0,0,0
1,0,0,0
1,0,0,0
9,0,1,0
14,0,0,0
26,0,0,0
12,0,0,0
354,1,4,1
20,0,0,0
93,0,0,0
88,0,0,0
20,0,0,0
2,0,0,0
19,0,0,0
3,0,0,0
36,0,1,0
17,0,0,0
25,0,1,0
8,0,0,0
2,0,0,0
51,0,1,0
25,0,0,0
11,0,0,0
21,0,0,0
1,0,0,0
15,0,0,0
1,0,0,0
585,0,8,0
1,0,0,0
1,0,0,0
1,0,0,0
39,0,0,0
7,0,0,0
1,0,0,0
1,0,0,0
2,0,0,0
1,0,0,0
82,0,2,0
3,0,0,0
1,0,0,0
20,0,0,0
8,0,0,0
13,0,0,0
180,0,0,0
72,0,0,0
54,0,0,0
4,0,0,0
542,0,0,0
1,0,0,0
9,0,0,0
9,0,0,0
32,0,0,0
100,0,0,0
14,0,0,0
169,0,1,0
94,0,0,0
156,0,0,0
61,0,0,0
7,0,0,0
1,0,0,0
22,0,0,0
36,0,1,0
7,0,0,0
146,0,0,0
39,0,0,0
10,0,0,0
57,0,0,0
26,0,0,0
1,0,0,0
8,0,0,0
347,0,0,0
139,0,0,0
1,0,0,0
3,0,0,0
2,0,0,0
3,0,0,0
22,0,0,0
12,0,0,0
14,0,0,0
149,0,1,0
8,0,0,0
53,0,0,0
168,0,0,0
17,0,0,0
134,0,0,0
34,0,0,0
1,0,0,0
19,0,0,0
1,0,0,0
1,0,0,0
32,0,0,0
50,0,0,0
70,0,0,0
55,0,1,0
21,0,0,0
33,0,0,0
10,0,0,0
19,0,0,0
7,0,0,0
315,1,1,0
79,0,0,0
6,0,0,0
14,0,0,0
9,0,0,0
6,0,0,0
8,0,0,0
2,0,0,0
10,0,0,0
20,0,0,0
14,0,0,0
4583,0,7,0
1,0,0,0
3,0,0,0
2,0,0,0
1,0,0,0
8,0,0,0
21,0,1,0
8,0,0,0
39,0,0,0
1,0,0,0
44,0,0,0
1,0,0,0
8,0,0,0
9,0,0,0
18,0,0,0
6,0,0,0
5,0,0,0
7,0,0,0
16,0,0,0
43,0,0,0
344,0,0,0
40,0,0,0
15,0,0,0
490,0,1,0
1,0,0,0
5,0,0,0
77,0,0,0
45,0,0,0
8,0,0,0
15,0,0,0
1,0,0,0
11,0,0,0
1,0,0,0
4,0,0,0
172,0,0,0
73,0,0,0
53,0,0,0
1,0,0,0
54,0,0,0
1,0,0,0
2,0,0,0
35,0,0,0
1,0,0,0
25,0,0,0
28,0,0,0
91,0,0,0
9,0,0,0
478,0,0,0
5,0,0,0
1,0,0,0
47,0,0,0
8,0,0,0
49,0,0,0
13,0,0,0
1,0,0,0
2,0,0,0
1,0,0,0
7,0,0,0
2,0,0,0
7,0,0,0
42,0,0,0
83,0,0,0
3,0,0,0
25,0,0,0
5,0,0,0
32,0,0,0
46,0,0,0
11,0,0,0
6,0,0,0
25,0,0,0
2,0,0,0
3,0,0,0
2,0,0,0
3,0,0,0
1,0,0,0
12,0,0,0
8,0,0,0
3,0,0,0
2,0,0,0
8,0,0,0
14,0,0,0
1,0,0,0
71,0,0,0
333,0,0,0
8,0,0,0
1,0,0,0
73,0,0,0
11,0,0,0
20,0,0,0
38,0,1,0
42,0,0,0
1,0,0,0
139,0,0,0
6,0,0,0
15,0,0,0
7,0,0,0
5,0,0,0
3,0,0,0
1,0,0,0
13,0,0,0
55,0,0,0
29,0,0,0
27,0,0,0
678,1,1,0
41,1,0,0
1,0,0,0
359,0,1,0
20,0,0,0
97,0,0,0
38,0,0,0
1,0,0,0
122,0,0,0
1,0,0,0
16,0,0,0
3,0,0,0
22,0,0,0
27,0,0,0
48,0,0,0
85,0,0,0
2,0,0,0
14,0,0,0
29,0,0,0
8,0,0,0
18,0,0,0
8,0,0,0
6,0,0,0
11,0,0,0
14,0,0,0
8,0,0,0
9,0,0,0
11,0,0,0
8,0,0,0
541,0,2,0
9,0,0,0
19,0,0,0
3,0,0,0
632,0,3,0
15,0,0,0
53,0,0,0
35,0,0,0
1,0,0,0
23,0,0,0
1,0,0,0
2,0,0,0
140,0,0,0
23,0,0,0
6,0,0,0
136,0,0,0
28,0,0,0
3,0,0,0
10,0,0,0
17,0,1,0
23,0,0,0
55,0,0,0
1,0,0,0
11,0,0,0
34,0,0,0
24,0,0,0
40,0,1,0
28,0,0,0
27,0,0,0
3,0,0,0
26,0,0,0
6,0,0,0
23,0,0,0
344,0,0,0
1,0,0,0
28,0,0,0
12,0,0,0
2,0,0,0
18,0,0,0
67,0,0,0
6,0,0,0
42,0,0,0
1,0,0,0
22,0,0,0
4,0,0,0
511,1,3,1
2,0,0,0
18,0,0,0
24,0,0,0
9,0,0,0
1,0,0,0
1,0,0,0
5,0,0,0
6,0,0,0
11,0,0,0
67,0,1,0
14,0,0,0
10,0,0,0
64,0,0,0
16,0,0,0
17,0,0,0
86,0,0,0
14,0,0,0
49,0,0,0
17,0,0,0
11,0,0,0
27,0,0,0
5,0,0,0
6,0,0,0
2,0,0,0
13,0,0,0
12,0,0,0
47,0,0,0
14,0,0,0
22,0,0,0
224,0,1,0
22,0,0,0
9,0,0,0
10,0,0,0
39,0,0,0
8,0,0,0
36,0,0,0
26,0,0,0
13,0,0,0
4,0,0,0
12,0,0,0
21,0,0,0
11,0,0,0
3,0,0,0
1269,0,2,0
36,0,0,0
8,0,0,0
26,0,0,0
13,0,0,0
180,0,1,0
27,0,0,0
13,0,0,0
1,0,0,0
1,0,0,0
13,0,0,0
35,0,1,0
8,0,0,0
12,0,0,0
18,0,0,0
3,0,0,0
4,0,0,0
1,0,0,0
2,0,0,0
87,0,0,0
14,0,0,0
140,0,1,0
14,0,0,0
40,0,0,0
227,0,1,0
19,0,0,0
37,0,0,0
63,0,0,0
27,0,0,0
131,0,0,0
21,0,0,0
54,0,1,0
1,0,0,0
308,0,0,0
25,0,0,0
1,1,0,0
11,0,0,0
18,0,0,0
37,0,0,0
55,0,1,0
28,0,0,0
4,0,0,0
71,0,0,0
15,0,0,0
36,0,0,0
75,0,0,0
98,0,0,0
4,0,0,0
1,0,0,0
14,0,0,0
32,0,0,0
31,0,0,0
14,0,0,0
89,0,0,0
1,0,0,0
19,0,0,0
5,0,0,0
40,0,0,0
14,0,0,0
15,0,0,0
42,0,0,0
1,0,0,0
3,0,0,0
9,0,0,0
202,0,1,0
53,0,0,0
15,0,0,0
1001,0,3,0
6,0,0,0
1,0,0,0
7,0,0,0
6,0,0,0
56,0,0,0
35,0,1,0
55,0,0,0
39,0,0,0
7,0,0,0
10,0,0,0
222,0,0,0
6,0,0,0
15,0,0,0
11,0,0,0
75,0,0,0
48,0,0,0
5,0,0,0
5,0,0,0
1,0,0,0
31,0,0,0
36,0,0,0
3,0,0,0
29,0,0,0
10,0,0,0
40,0,0,0
13,0,0,0
23,0,0,0
311,0,0,0
12,0,0,0
27,0,0,0
166,0,2,0
6,0,0,0
5,0,0,0
3,0,0,0
1,0,0,0
47,0,0,0
1,0,0,0
5,0,0,0
145,0,1,0
25,0,0,0
25,0,0,0
3,0,0,0
9,0,0,0
6,0,0,0
3,0,0,0
26,0,0,0
23,0,0,0
1,0,0,0
23,0,0,0
103,0,0,0
19,0,0,0
4,0,0,0
555,0,3,0
52,0,1,0
2,0,0,0
10,0,0,0
5,0,0,0
6,0,0,0
38,0,0,0
36,0,0,0
1,0,0,0
10,0,0,0
5,0,0,0
18,0,0,0
2,0,0,0
19,0,0,0
29,0,0,0
4,0,0,0
7,0,0,0
1,0,0,0
28,0,0,0
3759,2,16,0
32,0,0,0
19,0,0,0
4,0,0,0
7,0,0,0
56,0,0,0
1,0,0,0
4,0,0,0
21,0,0,0
66,0,0,0
13,0,0,0
60,0,1,0
18,0,0,0
24,0,0,0
9,0,0,0
47,0,0,0
189,0,0,0
2,0,0,0
18,0,0,0
17,0,0,0
229,0,0,0
33,0,0,0
11,0,0,0
1,0,0,0
6,0,0,0
1,0,0,0
1,0,0,0
847,1,0,0
1,0,0,0
49,0,0,0
2,0,0,0
19,0,0,0
31,0,0,0
1,1,0,0
15,0,0,0
4,0,0,0
8,0,0,0
4,0,0,0
12,0,0,0
21,0,0,0
19,0,0,0
44,0,0,0
1,0,0,0
4,0,0,0
14,0,0,0
4,0,0,0
16,0,0,0
54,0,0,0
13,0,0,0
20,0,0,0
16,0,0,0
79,0,0,0
4,0,0,0
10,0,0,0
1,0,0,0
1,0,0,0
12,0,0,0
1,0,0,0
29,0,0,0
18,0,0,0
14,0,0,0
3,0,0,0
34,0,0,0
19,0,0,0
15,0,0,0
128,0,0,0
15,0,0,0
38,0,0,0
4,0,0,0
13,0,0,0
9,0,0,0
5,0,0,0
16,0,0,0
18,0,0,0
9,0,0,0
18,0,0,0
1,0,0,0
34,0,0,0
13,0,0,0
44,0,1,0
1,0,0,0
17,0,0,0
481,0,0,0
17,0,0,0
5,0,0,0
27,0,0,0
204,0,1,0
60,0,0,0
21,0,0,0
5,0,0,0
14,0,0,0
5,0,0,0
4,0,0,0
27,0,0,0
27,0,0,0
12,0,0,0
13,0,0,0
6,0,0,0
5,0,0,0
4,0,0,0
4,0,0,0
20,0,0,0
5,0,0,0
20,0,0,0
262,0,0,0
1,0,0,0
1,0,0,0
3,0,0,0
21,0,0,0
15,0,0,0
7,0,0,0
30,0,0,0
8,0,0,0
44,0,0,0
81,0,0,0
23,0,0,0
16,0,0,0
28,0,0,0
7,0,0,0
50,0,0,0
5,0,0,0
36,0,0,0
889,0,1,0
203,0,1,0
2,0,0,0
43,0,0,0
29,0,0,0
41,0,0,0
1,0,0,0
10,0,0,0
5,0,0,0
1,0,0,0
78,0,0,0
3,0,0,0
1,0,0,0
12,0,0,0
94,0,1,0
4,0,0,0
4,0,0,0
2,0,0,0
68,0,0,0
18,0,0,0
7,0,0,0
16,0,0,0
17,0,0,0
4,0,0,0
169,0,1,0
25,0,0,0
9442,1,42,0
3,0,0,0
8,0,0,0
12,0,0,0
1,0,0,0
2,0,0,0
15,0,0,0
44,0,0,0
146,0,1,0
10,0,0,0
36,0,0,0
14,0,0,0
57,0,1,0
32,0,1,0
1,0,0,0
55,0,0,0
6,0,0,0
1,0,0,0
6,0,0,0
4,0,0,0
12,0,0,0
1,0,0,0
25,0,1,0
19,0,0,0
15,0,0,0
19,0,0,0
82,0,0,0
1,0,0,0
56,0,0,0
1,0,0,0
124,0,0,0
8,0,0,0
8,0,0,0
7,0,0,0
2,0,0,0
7,0,0,0
1,0,0,0
22,0,0,0
1,0,0,0
85,0,0,0
35,0,0,0
578,5,2,0
16,0,0,0
2,0,0,0
1,0,0,0
8,0,0,0
11,0,0,0
122,0,1,0
121,0,0,0
1,0,0,0
72,0,0,0
3,0,0,0
1,0,0,0
1,0,0,0
1,0,0,0
13,0,0,0
16,0,0,0
3,0,0,0
23,0,0,0
7,0,0,0
5,0,0,0
31,0,0,0
1,0,0,0
37,0,0,0
19,0,0,0
10,0,0,0
14,0,0,0
24,0,0,0
3,0,0,0
19,0,0,0
8,0,0,0
2,0,0,0
125,0,0,0
7,0,1,0
3,0,0,0
3,0,0,0
5,0,0,0
36,0,0,0
4,0,0,0
8,0,0,0
1,0,0,0
664,0,0,0
18,0,0,0
7,0,0,0
23,0,0,0
1,0,0,0
2,0,0,0
9,0,0,0
35,0,0,0
15,0,0,0
13,0,0,0
2,0,0,0
141,0,2,0
12,0,0,0
9,0,0,0
1,0,0,0
4,0,0,0
144,0,0,0
6,0,0,0
21,0,0,0
3,0,0,0
10,0,0,0
96,0,0,0
7,0,0,0
2,0,0,0
13,0,0,0
1,0,0,0
1,0,0,0
13,0,0,0
8,0,0,0
13,0,0,0
1,0,0,0
4,0,0,0
218,0,0,0
31,0,0,0
22,0,0,0
100,0,0,0
19,0,0,0
349,1,1,0
35,0,0,0
1,0,0,0
65,0,0,0
16,0,0,0
52,0,0,0
1,0,0,0
9,0,0,0
7,0,0,0
1,0,0,0
173,0,2,0
3,0,0,0
7,0,0,0
1,0,0,0
1,0,0,0
11,0,0,0
5,0,0,0
7,0,0,0
1,0,0,0
994,0,1,0
2,0,0,0
3,0,0,0
12,0,0,0
14,0,0,0
4,0,0,0
101,0,0,0
36,0,0,0
2,0,0,0
1,0,0,0
38,0,0,0
34,0,0,0
7,0,0,0
16,0,0,0
6,0,0,0
954,0,3,0
25,0,0,0
10,0,0,0
28,0,0,0
40,0,1,0
16,0,0,0
15,0,0,0
219,0,0,0
19,0,0,0
1,0,0,0
8,0,0,0
114,0,0,0
13,0,0,0
13,0,0,0
7,0,0,0
139,0,0,0
73,0,0,0
25,0,0,0
23,0,0,0
143,0,1,0
3,0,0,0
122,0,1,0
206,0,2,0
8,0,0,0
108,0,0,0
786,0,4,0
413,0,2,1
9,0,0,0
60,0,0,0
91,0,0,0
192,0,0,0
38,0,0,0
9,0,0,0
4,0,0,0
1,0,0,0
787,0,1,0
7,0,0,0
1,0,0,0
121,0,0,0
23,0,0,0
14,0,0,0
411,0,10,1
3,0,0,0
42,0,0,0
3,0,0,0
7,0,0,0
73,0,0,0
148,0,0,0
12,0,0,0
11,0,0,0
17,0,0,0
5,0,0,0
461,0,6,1
13,0,0,0
16,0,0,0
23,0,1,0
29,0,0,0
251,0,0,0
2,0,0,0
23,0,0,0
6,0,0,0
3,0,0,0
9,0,0,0
20,0,0,0
39,0,0,0
22,0,0,0
75,0,0,0
22,0,0,0
6,0,0,0
1,0,0,0
26,0,0,0
45,0,0,0
91,0,0,0
4,0,0,0
6,0,0,0
10,0,0,0
15,0,0,0
40,0,0,0
2,0,0,0
19,0,0,0
21,0,0,0
9,0,0,0
1,0,0,0
16,0,0,0
10,0,0,0
21,0,0,0
3,0,0,0
1,0,0,0
25,0,1,0
36,0,0,0
2,0,0,0
11,0,0,0
170,0,2,0
27,0,0,0
41,0,0,0
41,0,0,0
34,0,0,0
7,0,0,0
11,0,0,0
42,0,1,0
34,0,0,0
23,0,0,0
10,0,0,0
109,0,1,0
28,0,0,0
18,0,0,0
4,0,0,0
9,0,0,0
12,0,0,0
24,0,0,0
18,0,0,0
10,0,0,0
4,0,0,0
19,0,0,0
27,0,0,0
13,0,0,0
60,0,0,0
14,0,0,0
2,0,0,0
1,0,0,0
13,0,0,0
23,0,0,0
31,0,0,0
11,0,0,0
5,0,0,0
14,0,0,0
62,0,0,0
55,0,0,0
36,0,0,0
2,0,0,0
75,0,1,0
29,0,0,0
32,0,0,0
1,0,0,0
12,0,0,0
2,0,0,0
1,0,0,0
7,0,0,0
3,0,0,0
632,0,3,0
25,0,0,0
23,0,0,0
26,0,0,0
25,0,0,0
48,0,1,0
233,0,2,0
127,0,1,0
6,0,0,0
1,0,0,0
65,0,0,0
31,0,0,0
29,0,0,0
25,0,0,0
28,0,0,0
14,0,0,0
6,0,0,0
144,0,1,0
10,0,0,0
12,0,0,0
4,0,0,0
1,0,0,0
35,0,0,0
12,0,0,0
10,0,0,0
2160,0,13,0
7,0,0,0
2307,0,21,0
25,0,0,0
864,0,2,0
148,0,0,0
13,0,0,0
9,0,0,0
37,0,1,0
1,0,0,0
89,0,0,0
24,0,0,0
1,0,0,0
17,0,0,0
65,0,1,0
5,0,0,0
2,0,0,0
69,0,0,0
1,0,0,0
25,0,0,0
75,0,0,0
14,0,0,0
12,0,0,0
3,0,0,0
19,0,0,0
203,0,1,0
15,0,0,0
216,0,0,0
2,0,0,0
1,0,0,0
28,0,0,0
21,0,0,0
8,0,0,0
14,0,0,0
7,0,0,0
39,0,0,0
1,0,0,0
19,0,0,0
47,0,0,0
21,0,0,0
133,0,1,0
7,0,0,0
2,0,0,0
196,0,1,0
8,0,0,0
6,0,0,0
16,0,0,0
2,0,0,0
1,0,0,0
13,0,0,0
260,0,3,0
25,0,0,0
791,0,1,0
68,0,0,0
183,0,0,0
5,0,0,0
10,0,0,0
1,0,0,0
150,0,0,0
10,0,0,0
1,0,0,0
4,0,0,0
36,0,0,0
3,0,0,0
1075,1,0,0
2,0,0,0
22,0,0,0
67,0,1,0
12,0,0,0
6,0,0,0
6,0,0,0
1,0,0,0
11,0,0,0
66,0,0,0
14,0,0,0
166,0,0,0
28,0,0,0
3,0,0,0
1,0,0,0
37,0,0,0
13,0,0,0
6,0,0,0
92,0,2,0
8,0,0,0
831,0,0,0
44,0,0,0
22,0,0,0
37,0,0,0
19,0,0,0
6,0,0,0
13,0,0,0
221,0,0,0
7,0,0,0
23,0,0,0
2,0,0,0
27,0,0,0
1,0,0,0
5,0,0,0
35,0,0,0
8,0,0,0
1,0,0,0
5,0,0,0
28,0,0,0
11,0,0,0
336,0,1,0
57,0,0,0
2268,1,10,0
9,0,0,0
43,0,0,0
31,0,1,0
3,0,0,0
57,0,0,0
16,0,0,0
4,0,0,0
11,0,0,0
30,0,0,0
351,1,0,0
3,0,0,0
11,0,0,0
1,0,0,0
4,0,0,0
38,0,0,0
4,0,0,0
29,0,0,0
5,0,0,0
31,0,0,0
1,0,0,0
16,0,0,0
22,0,0,0
3,0,0,0
52,0,0,0
15,0,0,0
11,0,0,0
39,0,0,0
27,0,0,0
14,0,0,0
42,0,0,0
7,0,0,0
443,0,0,0
13,0,0,0
8,0,0,0
8,0,0,0
1,0,0,0
39,0,0,0
14,0,0,0
23,0,0,0
97,0,0,0
8,0,0,0
278,0,0,0
90,0,0,0
1,0,0,0
49,0,0,0
11,0,0,0
21,0,1,0
24,0,0,0
12,0,0,0
1,0,0,0
88,0,0,0
64,0,0,0
11,0,0,0
1,0,0,0
13,0,0,0
4,0,0,0
8,0,0,0
2,0,0,0
116,0,0,0
6,0,0,0
1,0,0,0
2,0,0,0
40,0,0,0
10,0,1,0
84,0,0,0
13,0,0,0
136,0,0,0
24,0,0,0
6,0,0,0
39,0,0,0
1,0,0,0
16,0,0,0
30,0,0,0
30,0,0,0
4,0,0,0
7,0,0,0
19,0,0,0
2,0,0,0
1,0,0,0
21,0,0,0
25,0,0,0
9,0,0,0
24,0,0,0
36,0,0,0
23,0,0,0
44,0,0,0
1,0,0,0
4,0,0,0
10,0,0,0
4,0,0,0
4,0,0,0
36,0,0,0
32,0,0,0
38,0,1,0
27,0,0,0
9,0,0,0
5,0,0,0
43,0,0,0
30,0,0,0
10,0,0,0
10,0,0,0
24,0,0,0
130,0,0,0
57,0,0,0
112,0,0,0
12,0,0,0
6,0,0,0
19,0,0,0
5,0,0,0
25,0,0,0
159,0,0,0
26,0,0,0
142,0,0,0
8,0,0,0
1,0,0,0
1,0,0,0
34,0,0,0
15,0,0,0
172,0,1,0
1,0,0,0
2,0,0,0
1,0,0,0
7,0,0,0
17,0,0,0
4,0,0,0
19,0,0,0
33,0,0,0
22,0,0,0
14,0,0,0
22,0,0,0
51,0,0,0
277,0,0,0
8,0,0,0
216,0,2,0
29,0,0,0
18,0,0,0
6,0,0,0
41,0,0,0
12,0,0,0
202,0,0,0
1,0,0,0
126,0,0,0
16,0,0,0
9,0,0,0
1,0,0,0
27,0,0,0
18,0,0,0
1,0,0,0
2,0,0,0
109,0,0,0
504,0,1,0
11,0,0,0
37,0,0,0
18,0,0,0
74,0,0,0
184,0,0,0
19,0,0,0
97,0,6,0
3,0,0,0
10,0,0,0
11,0,0,0
21,0,0,0
43,0,0,0
212,0,1,0
8,0,0,0
1,0,0,0
1,0,0,0
4,0,0,0
1,0,0,0
29,0,0,0
9,0,0,0
22,0,0,0
31,0,1,0
19,0,0,0
55,0,0,0
1,0,0,0
27,0,0,0
1,0,0,0
5,0,0,0
1,0,0,0
20,0,0,0
1301,0,7,0
5,0,0,0
6,0,0,0
55,0,0,0
32,0,2,0
96,0,1,0
38,0,0,0
26,0,0,0
1,0,0,0
4,0,0,0
22,0,0,0
4,0,0,0
155,0,0,0
32,0,0,0
9,0,0,0
221,0,0,0
1,0,0,0
1,0,0,0
16,0,0,0
21,0,0,0
9,0,0,0
24,0,0,0
7,0,0,0
23,0,0,0
29,0,0,0
1,0,0,0
2,0,0,0
46,0,0,0
10,0,0,0
39,0,0,0
16,0,0,0
165,0,1,0
1,0,0,0
34,0,0,0
1,0,0,0
19,0,0,0
12,0,0,0
23,0,0,0
14,0,0,0
7,0,0,0
16,0,0,0
17,0,0,0
8,0,0,0
13,0,0,0
10,0,0,0
11,0,0,0
21,0,0,0
23,0,0,0
12,0,1,0
5285,5,16,0
6,0,0,0
7,0,0,0
1,0,0,0
29,0,0,0
18,0,0,0
2044,0,6,0
8,0,0,0
10,0,0,0
7,0,0,0
1,0,0,0
2,0,0,0
18,0,0,0
412,0,7,0
845,0,2,0
12,0,0,0
9,0,0,0
1,0,0,0
1,0,0,0
39,0,0,0
46,0,1,0
80,0,0,0
12,0,0,0
2,0,0,0
8,0,0,0
28,0,0,0
42,0,0,0
107,0,1,0
109,0,1,0
95,0,2,0
10,0,0,0
3,0,0,0
12,0,0,0
86,0,1,0
921,0,2,0
17,0,0,0
507,0,2,0
26,0,0,0
55,0,0,0
34,0,0,0
7,0,0,0
22,0,1,0
1,0,0,0
3,0,0,0
1,0,0,0
54,0,0,0
1,0,0,0
14,0,0,0
36,0,0,0
4,0,0,0
11,0,0,0
21,0,0,0
24,0,0,0
23,0,0,0
1,0,0,0
1,0,0,0
15,0,0,0
63,0,0,0
5,0,0,0
2,0,0,0
94,0,0,0
11,0,0,0
33,0,0,0
542,0,0,0
11,0,0,0
8,0,0,0
16,0,0,0
13,0,0,0
15,0,0,0
76,0,0,0
18,0,0,0
21,0,0,0
11,0,0,0
53,0,0,0
697,0,2,0
14,0,0,0
5,0,0,0
7,0,0,0
1,0,0,0
902,0,0,0
14,0,0,0
263,0,3,1
4,0,1,0
4,0,0,0
1,0,0,0
13,0,0,0
14,0,0,0
23,0,1,0
41,0,0,0
6,0,0,0
1,0,0,0
1,0,0,0
1,0,0,0
819,1,2,0
12,0,0,0
18,0,0,0
27,0,0,0
6,0,0,0
46,0,0,0
25,0,0,0
31,0,0,0
9,0,1,0
6,0,0,0
1,0,0,0
9,0,0,0
51,0,0,0
3,0,0,0
19,0,0,0
2,0,0,0
1,0,0,0
10,0,0,0
1,0,0,0
21,0,0,0
2,0,0,0
1,0,0,0
777,1,5,0
100,0,0,0
36,0,0,0
18,0,0,0
4,0,0,0
10,0,0,0
1,0,0,0
10,0,0,0
23,0,0,0
26,0,0,0
9,0,0,0
3,0,0,0
35,0,0,0
14,0,0,0
1,0,0,0
10,0,0,0
11,0,0,0
620,0,3,0
3,0,0,0
5,0,0,0
73,0,0,0
6,0,0,0
1,0,0,0
1,0,0,0
3,0,0,0
5,0,0,0
3,0,0,0
77,0,0,0
1,0,0,0
36,0,0,0
276,0,2,0
26,0,0,0
24,0,0,0
10,0,0,0
9,0,0,0
79,0,0,0
3,0,0,0
15,0,0,0
216,0,0,0
11,0,0,0
33,0,0,0
21,0,0,0
14,0,0,0
18,0,0,0
1,0,0,0
88,0,0,0
33,0,0,0
18,0,0,0
19,0,0,0
29,0,0,0
17,0,0,0
43,0,0,0
1,0,0,0
8,0,0,0
1,0,0,0
22,0,0,0
658,0,3,0
1,0,0,0
22,0,0,0
11,0,0,0
16,0,0,0
2,0,0,0
1,0,0,0
2,0,0,0
2,0,0,0
6,0,0,0
1,0,0,0
50,0,0,0
1207,0,2,0
18,0,0,0
5,0,0,0
84,0,0,0
19,0,0,0
1,0,0,0
2,0,0,0
6,0,0,0
17,0,0,0
2,0,0,0
20,0,0,0
16,0,0,0
17,0,0,0
10,0,0,0
1,0,0,0
1,0,0,0
21,0,0,0
2,0,0,0
29,0,0,0
3,0,0,0
29,0,0,0
1,0,0,0
138,0,1,0
13,0,0,0
1,0,0,0
6,0,0,0
40,0,0,0
54,0,0,0
1,0,0,0
14,0,0,0
17,0,0,0
1,0,0,0
1,0,0,0
24,0,0,0
23,0,0,0
24,0,0,0
5,0,0,0
3,0,0,0
25,0,0,0
16,0,0,0
89,0,1,0
10,0,0,0
13,0,0,0
123,0,0,0
57,0,0,0
9,0,0,0
1,0,0,0
284,0,1,0
4,0,0,0
22,0,0,0
1,0,0,0
34,0,0,0
35,0,0,0
115,0,0,0
1,0,0,0
16,0,0,0
222,0,0,0
329,1,8,0
43,0,0,0
20,0,0,0
3,0,0,0
42,0,0,0
35,0,1,0
1,0,0,0
10,0,0,0
3,0,0,0
19,0,0,0
19,0,1,0
10,0,0,0
24,0,0,0
251,0,0,0
83,0,0,0
4,0,0,0
15,0,0,0
1,0,0,0
1,0,0,0
34,0,0,0
2,0,0,0
1084,0,3,0
35,0,0,0
15,0,0,0
475,0,1,0
11,0,0,0
55,0,0,0
32,0,0,0
255,0,0,0
194,0,1,0
13,0,0,0
577,1,1,0
32,0,0,0
21,0,0,0
3,0,0,0
1,0,0,0
15,0,1,0
2,0,0,0
159,0,1,0
94,0,0,0
1,0,0,0
33,0,0,0
1,0,0,0
5,0,0,0
224,0,0,0
14,0,0,0
8,0,0,0
6,0,0,0
1,0,0,0
213,0,1,0
1245,0,2,0
13,0,0,0
9,0,0,0
6,0,0,0
22,0,0,0
20,0,0,0
20,0,0,0
6,0,0,0
16,0,0,0
15,0,0,0
29,0,0,0
1,0,0,0
6,0,0,0
176,0,0,0
1,0,0,0
17,0,0,0
48,0,0,0
46,0,0,0
8,0,0,0
7,0,0,0
41,0,0,0
33,0,0,0
4,0,0,0
1,0,0,0
11,0,0,0
1,0,0,0
5,0,0,0
797,0,6,0
997,0,3,0
1,0,0,0
4,0,0,0
8,0,0,0
10,0,0,0
4,0,0,0
14,0,0,0
2,0,0,0
1,0,0,0
1,0,0,0
8,0,0,0
51,0,0,0
6,0,0,0
4,0,0,0
116,0,0,0
83,0,0,0
5,0,0,0
15,0,0,0
39,0,0,0
2,0,0,0
1,0,0,0
29,0,0,0
352,0,2,0
50,0,0,0
10,0,0,0
5,0,0,0
16,0,0,0
54,0,0,0
6,0,0,0
101,0,1,0
8,0,0,0
3,0,0,0
21,0,0,0
66,0,0,0
858,0,17,1
1,0,0,0
11,0,0,0
33,0,0,0
18,0,0,0
10,0,0,0
42,0,0,0
63,0,0,0
1,0,0,0
1,0,0,0
9,0,0,0
45,0,0,0
80,0,0,0
95,0,0,0
7,0,0,0
29,0,0,0
206,0,0,0
65,0,0,0
18,0,0,0
11,0,0,0
7,0,0,0
12,0,0,0
3,0,0,0
14,0,0,0
14,0,0,0
31,0,0,0
34,0,1,0
1,0,0,0
8,0,0,0
70,0,0,0
76,0,0,0
36,0,0,0
3,0,0,0
4,0,0,0
12,0,0,0
12,0,0,0
4,0,0,0
27,0,0,0
13,0,0,0
7,0,0,0
1,0,0,0
15,0,0,0
44,0,0,0
31,0,0,0
7,0,0,0
25,0,0,0
8,0,0,0
8,0,0,0
1,0,0,0
14,0,0,0
66,0,0,0
31,0,0,0
8,0,0,0
13,0,0,0
23,0,0,0
1,0,0,0
3,0,0,0
1006,0,4,0
11,0,1,0
9,0,0,0
3,0,0,0
22,0,0,0
15,0,0,0
32,0,0,0
4,0,0,0
344,0,0,0
28,0,0,0
2,0,0,0
4,0,0,0
2,0,0,0
23,0,0,0
10,0,0,0
54,0,0,0
39,0,0,0
1,0,0,0
23,0,0,0
27,0,0,0
24,0,0,0
112,0,0,0
22,0,0,0
10,0,0,0
25,0,0,0
69,0,0,0
13,0,0,0
396,0,0,0
959,0,0,0
6,0,0,0
188,0,0,0
11,0,0,0
33,0,0,0
5,0,0,0
3,0,0,0
2,0,0,0
106,0,0,0
3,0,0,0
39,0,0,0
6,0,0,0
24,0,0,0
3,0,0,0
199,0,0,0
799,0,2,0
3,0,0,0
130,0,0,0
14,0,0,0
36,0,0,0
17,0,0,0
12,0,0,0
1,0,0,0
10,0,0,0
45,0,0,0
7,0,0,0
21,0,0,0
4,0,0,0
6,0,1,0
15,0,0,0
1,0,0,0
1,0,0,0
6,0,0,0
42,0,0,0
19,0,0,0
1,0,0,0
9,0,0,0
22,0,0,0
949,0,22,0
12,0,0,0
38,0,0,0
1,0,0,0
4,0,0,0
5,0,0,0
41,0,1,0
8,0,0,0
1918,0,7,0
32,0,0,0
5,0,0,0
8,0,0,0
16,0,0,0
1,0,0,0
10,0,0,0
2,0,0,0
50,0,0,0
10,0,0,0
7,0,0,0
3190,0,9,0
13,0,0,0
268,0,1,0
15,0,0,0
4,0,0,0
32,0,0,0
9,0,0,0
1,0,0,0
8,0,0,0
15,0,0,0
82,0,0,0
8,0,0,0
16,0,0,0
1,0,0,0
15,0,0,0
2,0,0,0
13,0,0,0
16,0,0,0
1674,0,4,0
4,0,0,0
8,0,0,0
54,0,0,0
6,0,0,0
14,0,0,0
9,0,0,0
26,0,0,0
7,0,0,0
47,0,0,0
1,0,0,0
26,0,0,0
14,0,0,0
8,0,0,0
1,0,0,0
21,0,0,0
10,0,0,0
8,0,0,0
63,0,0,0
7,0,0,0
49,0,0,0
2,0,0,0
2,0,0,0
215,0,1,0
1,0,0,0
10,0,0,0
2,0,0,0
6,0,0,0
10,0,0,0
4,0,0,0
27,0,0,0
44,0,0,0
877,0,3,0
14,0,0,0
7,0,0,0
1,0,0,0
9,0,0,0
4,0,0,0
1,0,0,0
305,0,0,0
7,0,0,0
16,0,0,0
12,0,0,0
1,0,0,0
5,0,0,0
21,0,0,0
11,0,0,0
1519,0,3,0
2,0,0,0
3,0,0,0
26,0,0,0
1,0,0,0
7,0,0,0
28,0,0,0
33,0,1,1
16,0,0,0
10,0,0,0
3,0,0,0
33,0,0,0
2,0,0,0
1,0,0,0
1,0,0,0
1,0,0,0
20,0,0,0
15,0,0,0
2,0,0,0
33,0,0,0
11,0,0,0
1,0,0,0
20,0,0,0
12,0,0,0
30,0,1,0
130,0,0,0
9,0,0,0
6,0,0,0
2,0,0,0
7,0,0,0
39,0,0,0
1,0,0,0
713,0,0,0
32,0,0,0
48,0,0,0
30,0,0,0
25,0,0,0
8,0,0,0
1,0,0,0
2,0,0,0
6,0,0,0
3,0,0,0
205,0,1,0
36,0,0,0
14,0,0,0
1,0,0,0
1424,2,5,0
1,0,0,0
6,0,0,0
9,0,0,0
11,0,0,0
35,0,0,0
9,0,0,0
10,0,0,0
22,0,0,0
17,0,0,0
122,0,0,0
10,0,0,0
1,0,0,0
2,0,0,0
11,0,0,0
52,0,0,0
47,0,0,0
1,0,0,0
63,0,0,0
32,0,1,0
1,0,0,0
15,0,0,0
123,0,1,0
1,0,0,0
18,0,0,0
34,0,0,0
63,0,0,0
15,0,0,0
4,0,0,0
31,0,0,0
12,0,0,0
28,0,0,0
578,0,0,0
27,0,0,0
2,0,0,0
11,0,0,0
1,0,0,0
78,0,0,0
12,0,0,0
55,0,1,0
3,0,0,0
17,0,0,0
37,0,0,0
55,0,0,0
26,0,0,0
12,0,0,0
12,0,0,0
2,0,0,0
46,0,0,0
14,0,0,0
1,0,0,0
23,0,0,0
12,0,0,0
38,0,0,0
47,0,0,0
13,0,0,0
21,0,1,0
3,0,0,0
3,0,0,0
34,0,0,0
17,0,0,0
13,0,0,0
6,0,0,0
55,0,0,0
8,0,0,0
17,0,0,0
10,0,0,0
33,0,0,0
91,0,0,0
557,1,4,0
1,0,0,0
11,0,0,0
9,0,0,0
30,0,0,0
21,0,0,0
6,0,0,0
32,0,0,0
93,0,0,0
10,0,0,0
1403,0,1,0
13,0,0,0
21,0,0,0
9,0,0,0
1,0,0,0
155,0,2,0
1,0,0,0
36,0,0,0
16,0,0,0
20,0,0,0
3,0,0,0
15,0,0,0
714,1,1,0
52,0,0,0
22,0,0,0
20,0,0,0
26,0,0,0
4,0,0,0
14,0,0,0
6,0,0,0
8,0,0,0
1,0,0,0
1,0,0,0
28,0,0,0
1,0,0,0
7,0,0,0
24,0,0,0
35,0,0,0
4,0,0,0
60,0,0,0
4,0,0,0
2,0,0,0
5,0,0,0
131,0,0,0
4,0,0,0
14,0,0,0
62,0,0,0
37,0,0,0
23,0,0,0
5,0,0,0
56,0,0,0
318,0,0,0
7,0,0,0
15,0,0,0
9,0,0,0
3,0,0,0
15,0,0,0
9,0,0,0
23,0,0,0
13,0,0,0
1,0,0,0
8,0,0,0
43,0,0,0
57,0,0,0
29,0,0,0
204,0,1,0
22,0,0,0
4,0,0,0
38,0,0,0
1,0,0,0
11,0,0,0
1,0,0,0
2,0,0,0
2,0,0,0
30,0,1,0
9,0,0,0
483,0,1,1
88,0,0,0
34,0,0,0
4,0,0,0
5,0,0,0
63,0,0,0
2,0,0,0
6,0,0,0
7,0,0,0
71,0,0,0
12,0,0,0
7,0,0,0
4,0,0,0
7,0,0,0
8,0,0,0
19,0,0,0
544,0,3,0
46,0,0,0
33,0,0,0
94,0,0,0
18,0,0,0
34,0,0,0
2,0,0,0
17,0,0,0
406,0,2,0
52,0,0,0
1,0,0,0
1,0,0,0
1,0,0,0
8,0,0,0
1,0,0,0
1,0,0,0
1,0,0,0
34,0,0,0
7,0,0,0
28,0,0,0
18,0,0,0
192,0,0,0
47,0,0,0
13,0,0,0
1,0,0,0
3,0,0,0
1,0,0,0
4,0,0,0
2,0,0,0
5,0,0,0
11,0,0,0
988,0,9,0
3,0,0,0
2,0,0,0
8,0,0,0
11,0,0,0
35,0,0,0
28,0,0,0
5,0,0,0
35,0,0,0
9,0,0,0
1,0,0,0
925,0,4,0
11,0,0,0
1,0,0,0
21,0,0,0
6,0,0,0
1,0,0,0
15,0,0,0
2,0,0,0
21,0,0,0
1,0,0,0
29,0,0,0
1,0,0,0
5,0,0,0
1,0,0,0
459,1,0,0
17,0,1,0
67,0,2,0
8,0,0,0
18,0,0,0
11,0,0,0
7,0,0,0
14,0,0,0
16,0,0,0
21,0,0,0
6,0,0,0
13,0,0,0
1,0,0,0
16,0,1,0
2,0,0,0
29,0,0,0
20,0,0,0
116,0,0,0
911,1,1,0
15,0,0,0
2,1,0,0
7,0,0,0
12,0,0,0
12,0,0,0
20,0,0,0
16,0,1,0
7,0,0,0
654,1,1,0
43,0,0,0
70,0,1,0
1,0,0,0
11,0,0,0
22,0,0,0
11,0,0,0
7,0,0,0
23,0,0,0
26,0,0,0
1,0,0,0
2,0,0,0
653,0,0,0
1,0,0,0
7,0,0,0
6,0,0,0
1,0,0,0
39,0,0,0
49,0,0,0
587,0,1,0
25,0,0,0
4,0,0,0
6,0,0,0
69,0,0,0
2,0,0,0
25,0,0,0
18,0,0,0
21,0,0,0
16,0,0,0
3,0,0,0
650,0,3,0
7,0,0,0
3,0,0,0
1,0,0,0
30,0,0,0
5,0,0,0
24,0,0,0
41,0,0,0
23,0,0,0
1,0,0,0
174,0,0,0
62,0,0,0
34,0,0,0
16,0,0,0
4,0,0,0
83,0,0,0
35,0,0,0
1,0,0,0
33,0,0,0
4,0,0,0
16,0,0,0
9,0,0,0
6,0,0,0
17,0,0,0
23,0,0,0
23,0,0,0
1144,0,15,0
27,0,0,0
719,0,0,0
24,0,0,0
17,0,0,0
2,0,0,0
6,0,0,0
28,0,0,0
57,0,0,0
2,0,0,0
7,0,0,0
7,0,0,0
96,0,0,0
34,0,0,0
2,0,0,0
201,0,0,0
13,0,0,0
1,0,0,0
3,0,0,0
30,0,0,0
4,0,0,0
11,0,0,0
1,0,0,0
1024,0,3,0
4,0,0,0
55,0,1,0
2,0,0,0
10,0,0,0
40,0,2,0
1,0,0,0
20,0,0,0
2,0,0,0
13,0,0,0
1,0,0,0
2,0,0,0
22,0,0,0
1,0,0,0
5,0,0,0
26,0,0,0
34,0,0,0
4,0,0,0
20,0,0,0
5,0,0,0
9,0,0,0
1,0,0,0
1,0,0,0
11,0,0,0
44,0,0,0
12,0,0,0
1,0,0,0
24,0,1,0
18,0,0,0
917,0,3,0
2,0,0,0
21,0,0,0
21,0,0,0
184,0,0,0
6,0,0,0
1,0,0,0
4,0,0,0
13,0,0,0
25,0,0,0
7,0,0,0
2,0,0,0
1,0,0,0
44,0,0,0
8,0,0,0
22,0,0,0
854,18,7,0
10,0,0,0
24,0,0,0
27,0,0,0
10,0,0,0
20,0,0,0
133,0,1,0
10,0,0,0
13,0,0,0
24,0,0,0
125,0,0,0
1,0,0,0
27,0,0,0
11,0,0,0
19,0,0,0
19,0,0,0
67,0,0,0
3,0,0,0
2,0,0,0
9,0,0,0
8,0,0,0
33,0,0,0
7,0,0,0
9,0,0,0
8,0,0,0
6,0,0,0
8,0,0,0
5,0,0,0
63,0,0,0
1,0,0,0
24,0,0,0
6,0,0,0
10,0,0,0
2,0,0,0
22,0,0,0
3,0,0,0
30,0,0,0
286,0,1,0
7,0,0,0
194,0,0,0
45,0,0,0
11,0,0,0
27,0,0,0
22,0,0,0
33,0,0,0
1,0,0,0
71,0,0,0
48,0,0,0
32,0,0,0
52,0,0,0
9,0,0,0
225,0,0,0
167,0,1,0
93,0,0,0
15,0,0,0
15,0,1,0
2,0,0,0
6,0,0,0
4,0,0,0
7,0,0,0
16,0,0,0
53,0,0,0
69,0,0,0
4,0,0,0
26,0,0,0
25,0,0,0
10,0,0,0
12,0,0,0
28,0,0,0
18,0,0,0
20,0,0,0
13,0,0,0
4,0,0,0
32,0,0,0
4,0,0,0
12,0,0,0
1,0,0,0
18,0,1,0
1,0,0,0
8,0,0,0
1,0,0,0
7,0,0,0
2,0,0,0
29,0,0,0
33,0,0,0
37,0,0,0
33,0,0,0
11,0,0,0
7,0,0,0
886,0,7,0
9,0,0,0
5,0,0,0
27,0,0,0
10,0,0,0
12,0,0,0
10,0,0,0
15,0,0,0
1707,7,22,0
38,0,0,0
53,0,0,0
1,0,0,0
34,0,0,0
2,0,0,0
9,0,0,0
4,0,0,0
8,0,0,0
12,0,0,0
1,0,0,0
2,0,0,0
24,0,0,0
126,0,0,0
1,0,0,0
284,0,1,0
42,0,0,0
34,0,0,0
17,0,0,0
4,0,0,0
22,0,0,0
17,0,0,0
16,0,0,0
3,0,0,0
17,0,0,0
3,0,0,0
8,0,0,0
16,0,0,0
21,0,0,0
802,0,3,0
1,0,0,0
11,0,0,0
53,0,0,0
18,0,0,0
15,0,0,0
427,1,1,0
23,0,0,0
5,0,0,0
10,0,0,0
1,0,0,0
44,0,0,0
12,0,0,0
24,0,0,0
11,0,0,0
5,0,0,0
4,0,0,0
24,0,0,0
13,0,0,0
1,0,0,0
17,0,0,0
9,0,0,0
18,0,0,0
7,0,0,0
12,0,0,0
12,0,0,0
4,0,0,0
2,0,0,0
25,0,0,0
34,0,0,0
7,0,0,0
23,0,0,0
1,0,0,0
1,0,0,0
11,0,0,0
8,0,0,0
3,0,0,0
1,0,0,0
1,0,0,0
123,0,1,0
7,0,0,0
13,0,0,0
74,0,0,0
30,0,0,0
10,0,0,0
9,0,0,0
26,0,0,0
7,0,0,0
1,0,0,0
11,0,0,0
24,0,0,0
1,0,0,0
1,0,0,0
5,0,0,0
10,0,0,0
3,0,0,0
23,0,1,0
34,0,0,0
91,0,0,0
56,0,0,0
8,0,0,0
15,0,0,0
27,0,0,0
4,0,0,0
16,0,0,0
65,0,0,0
1,0,0,0
1,0,0,0
23,0,0,0
26,0,0,0
12,0,0,0
2,0,0,0
16,0,0,0
12,0,0,0
132,0,0,0
10,0,0,0
59,0,0,0
7,0,0,0
1,0,0,0
40,0,1,0
2,0,0,0
12,0,0,0
8,0,0,0
4,0,0,0
64,0,1,0
10,0,0,0
17,0,0,0
3,0,0,0
68,0,0,0
16,0,0,0
11,0,0,0
43,0,0,0
15,0,0,0
8,0,0,0
15,0,0,0
57,0,0,0
4,0,0,0
19,0,0,0
4,0,0,0
59,0,0,0
354,0,0,0
1,0,0,0
21,0,0,0
40,0,0,0
9,0,0,0
4,0,0,0
1,0,0,0
18,0,0,0
1,0,0,0
16,0,0,0
11,0,0,0
36,0,0,0
25,0,0,0
144,0,0,0
32,0,0,0
17,0,0,0
1,0,0,0
44,0,0,0
10,0,1,0
25,0,0,0
44,0,0,0
6,0,0,0
109,0,0,0
7,0,0,0
11,0,0,0
9,0,0,0
54,0,0,0
42,0,0,0
1,0,0,0
8,0,0,0
25,0,0,0
25,0,0,0
44,0,0,0
24,0,0,0
6,0,0,0
10,0,0,0
17,0,0,0
1,0,0,0
32,0,0,0
5,0,0,0
21,0,0,0
2,0,0,0
14,0,0,0
1,0,0,0
13,0,1,0
6200,1,44,0
5,0,0,0
34,0,1,0
3,0,0,0
4,0,0,0
13,0,0,0
1,0,0,0
1,0,0,0
9,0,0,0
37,0,0,0
7,0,0,0
1,0,0,0
17,0,0,0
6,0,0,0
29,0,0,0
199,0,0,0
3,0,0,0
26,0,0,0
26,0,0,0
24,0,0,0
6,0,0,0
12,0,1,0
9,0,0,0
59,0,0,0
36,0,0,0
42,0,0,0
3,0,0,0
19,0,0,0
64,0,0,0
78,0,0,0
16,0,0,0
13,0,0,0
1,0,0,0
57,0,0,0
147,0,0,0
1,0,0,0
23,0,0,0
17,0,0,0
22,0,0,0
7,0,0,0
29,0,0,0
25,0,0,0
2317,1,12,0
16,0,0,0
25,0,0,0
11,0,0,0
20,0,0,0
5,0,0,0
7,0,0,0
22,0,0,0
34,0,0,0
4,0,0,0
4,0,0,0
7,0,0,0
1,0,0,0
18,0,0,0
4,0,0,0
10,0,0,0
45,0,0,0
42,0,0,0
12,0,0,0
34,0,0,0
14,0,0,0
2,0,0,0
1,0,0,0
11,0,0,0
14,0,0,0
9,0,0,0
106,0,1,0
19,0,0,0
4,0,0,0
15,0,0,0
21,0,0,0
138,0,0,0
3,0,0,0
14,0,0,0
50,0,0,0
1,0,0,0
9,0,0,0
7,0,0,0
1,0,0,0
1,0,0,0
21,0,0,0
13,0,0,0
18,0,0,0
5,0,0,0
7,0,0,0
14,0,0,0
17,0,0,0
17,0,0,0
17,0,0,0
138,0,0,0
180,0,0,0
1,0,0,0
42,0,0,0
4,0,0,0
17,0,0,0
19,0,0,0
1,0,0,0
1,0,0,0
1,0,0,0
169,0,1,0
19,0,0,0
16,0,0,0
5,0,0,0
7,0,0,0
1,0,0,0
19,0,1,0
16,0,0,0
1,0,0,0
1,0,0,0
76,0,0,0
8,0,0,0
10,0,0,0
23,0,0,0
68,0,0,0
15,0,0,0
22,0,0,0
21,0,0,0
14,0,0,0
12,0,0,0
224,0,0,0
13,0,0,0
125,0,0,0
3,0,0,0
43,0,1,0
3,0,0,0
7,0,0,0
8,0,0,0
16,0,0,0
220,0,0,0
1,0,0,0
17,0,0,0
8,0,0,0
1,0,0,0
32,0,0,0
19,0,0,0
4,0,0,0
23,0,0,0
1,0,0,0
15,0,0,0
18,0,0,0
4,0,0,0
14,0,0,0
17,0,0,0
1,0,0,0
1,0,0,0
35,0,0,0
17,0,0,0
13,0,0,0
15,0,0,0
16,0,0,0
24,0,0,0
24,0,0,0
1,0,0,0
9,0,0,0
167,0,1,0
3,0,0,0
6,0,0,0
328,0,0,0
19,0,0,0
14,0,0,0
129,1,0,1
1537,0,5,0
10,0,0,0
12,0,0,0
9,0,0,0
868,1,5,0
1,0,0,0
6,0,0,0
11,0,0,0
122,0,1,0
157,0,2,0
8,0,0,0
38,0,0,0
2,0,0,0
8,0,0,0
9,0,0,0
9,0,0,0
9,0,0,0
38,0,0,0
23,0,0,0
14,0,0,0
5,0,0,0
47,0,0,0
143,0,0,0
1,0,0,0
20,0,0,0
13,0,0,0
24,0,0,0
12,0,0,0
20,0,0,0
60,0,0,0
112,0,1,0
13,0,0,0
822,0,1,0
8,0,0,0
23,0,0,0
1,0,0,0
9,0,0,0
12,0,0,0
9,0,0,0
9,0,0,0
1,0,0,0
2,0,0,0
1,0,0,0
62,0,0,0
23,0,0,0
3,0,0,0
26,0,0,0
20,0,0,0
1,0,0,0
18,0,0,0
6,0,1,0
72,0,0,0
5,0,0,0
15,0,0,0
11,0,0,0
1,0,0,0
24,0,0,0
22,0,0,0
39,0,0,0
4,0,0,0
11,0,0,0
341,1,7,0
4,0,0,0
2,0,0,0
230,0,0,0
256,0,1,0
12,0,0,0
18,0,0,0
4,0,0,0
3,0,0,0
6,0,0,0
15,0,0,0
65,0,0,0
548,0,11,1
5,0,0,0
17,0,0,0
81,0,0,0
1,0,0,0
48,0,0,0
42,0,0,0
997,0,9,0
46,0,0,0
3,0,0,0
1,0,0,0
16,0,0,0
12,0,0,0
50,0,0,0
28,0,0,0
16,0,0,0
13,0,0,0
11,0,0,0
1,0,0,0
20,0,0,0
7,0,0,0
20,0,0,0
1,0,0,0
22,0,0,0
670,0,0,0
68,0,0,0
14,0,0,0
145,0,1,0
10,0,0,0
30,0,0,0
19,0,0,0
10,0,0,0
70,0,0,0
21,0,0,0
3,0,0,0
29,0,0,0
81,0,0,0
2,0,0,0
30,0,0,0
1,0,0,0
77,0,0,0
19,0,0,0
12,0,0,0
4,0,0,0
12,0,0,0
8,0,0,0
38,0,0,0
30,0,0,0
42,0,0,0
11,0,0,0
25,0,0,0
2,0,0,0
63,0,0,0
24,0,0,0
1,0,0,0
1,0,0,0
28,0,0,0
29,0,0,0
9,0,0,0
1,0,0,0
182,0,1,0
1,0,0,0
330,0,0,0
1,0,0,0
10,0,0,0
13,0,0,0
2,0,0,0
25,0,0,0
15,0,0,0
17,0,0,0
20,0,0,0
9,0,0,0
138,0,0,0
4,0,0,0
174,0,0,0
12,0,0,0
24,0,0,0
16,0,0,0
7,0,0,0
1,0,0,0
26,0,0,0
5,0,0,0
34,0,0,0
167,0,0,0
26,0,1,0
87,0,0,0
10,0,0,0
10,0,0,0
2,0,0,0
1,0,0,0
18,0,0,0
34,0,0,0
38,0,0,0
12,0,0,0
43,0,0,0
9,0,0,0
43,0,0,0
17,0,0,0
82,0,0,0
22,0,0,0
1,0,0,0
14,0,0,0
1155,0,2,0
27,0,0,0
4,0,0,0
19,0,0,0
1,0,0,0
89,0,0,0
21,0,1,0
1,0,0,0
8,0,0,0
57,0,0,0
1,0,0,0
26,0,0,0
18,0,1,0
24,0,0,0
315,6,1,0
2111,3,3,0
7480,0,39,0
14,0,0,0
1441,0,2,0
13,0,0,0
6,0,0,0
4,0,0,0
1,0,0,0
31,0,0,0
11,0,0,0
4,0,0,0
2,0,0,0
7,0,0,0
12,0,0,0
69,1,0,0
15,0,0,0
6,0,0,0
7,0,0,0
13,0,0,0
24,0,0,0
1,0,0,0
20,0,0,0
1,0,0,0
56,0,0,0
5,0,0,0
182,0,2,0
14,0,0,0
17,0,0,0
1,0,0,0
12,0,0,0
30,0,0,0
20,0,0,0
1407,0,4,0
1,0,0,0
25,0,0,0
8,0,0,0
26,0,0,0
10,0,0,0
6,0,0,0
4,0,0,0
97,0,1,0
4,0,0,0
18,0,1,0
1,0,0,0
18,0,0,0
144,0,1,0
1,0,0,0
25,0,0,0
1,0,0,0
73,0,0,0
4,0,0,0
28,0,1,0
43,0,0,0
21,0,0,0
12,0,0,0
42,0,0,0
1,0,0,0
2,0,0,0
13,0,0,0
1,0,0,0
7,0,0,0
22,0,0,0
634,0,6,0
12,0,0,0
2,0,0,0
5,0,0,0
7,0,0,0
629,0,0,0
1,0,0,0
7,0,0,0
2,0,0,0
5,0,0,0
11,0,0,0
3,0,0,0
1,0,0,0
3,0,0,0
10805,1,39,0
26,0,0,0
1345,1,12,0
75,0,0,0
8,0,0,0
19,0,0,0
22,0,0,0
25,0,0,0
4,0,0,0
6,0,0,0
764,0,1,0
49,0,0,0
11,0,0,0
19,0,0,0
4,0,0,0
47,0,0,0
40,0,0,0
46,0,0,0
65,0,0,0
16,0,0,0
12,0,0,0
3,0,0,0
2,0,0,0
14,0,0,0
55,0,0,0
48,0,1,0
13,0,0,0
16,0,0,0
24,0,0,0
1,0,0,0
1,0,0,0
70,0,0,0
25,0,0,0
4,0,0,0
15,0,0,0
29,0,0,0
56,0,0,0
1,0,0,0
6,0,0,0
22,0,0,0
1,0,0,0
1,0,0,0
46,0,0,0
9,0,0,0
16,0,0,0
9,0,0,0
2,0,0,0
1278,1,4,0
1,0,0,0
42,0,0,0
18,0,0,0
28,0,0,0
10,0,0,0
2349,1,9,0
192,0,0,0
1,0,0,0
7,0,0,0
22,0,0,0
1,0,0,0
151,0,0,0
1,0,0,0
6,0,0,0
19,0,0,0
2,0,0,0
82,0,0,0
1,0,0,0
30,0,0,0
36,0,0,0
42,0,0,0
24,0,1,0
16,0,0,0
4,0,0,0
7,0,0,0
3,0,0,0
2,0,0,0
13,0,0,0
85,0,0,0
9,0,0,0
17,0,0,0
69,0,0,0
7,0,0,0
1,0,0,0
32,0,0,0
35,0,0,0
21,0,0,0
602,0,3,0
786,0,1,0
426,0,5,0
1,0,0,0
19,0,0,0
1,0,0,0
1,0,0,0
17,0,0,0
1,0,0,0
1,0,0,0
4,0,0,0
10,0,0,0
1,0,0,0
6,0,0,0
27,0,0,0
2,0,0,0
245,0,0,0
1,0,0,0
22,0,0,0
1,0,0,0
32,0,1,0
10,0,0,0
2,0,0,0
46,0,0,0
549,0,1,0
136,0,0,0
53,0,1,0
49,0,0,0
1,0,0,0
303,0,5,0
1,0,0,0
5,0,0,0
536,0,0,0
20,0,0,0
14,0,0,0
13,0,0,0
113,0,1,0
5,0,0,0
9,0,0,0
54,0,0,0
1,0,0,0
1,0,0,0
43,0,1,0
91,0,0,0
47,0,1,0
12,0,0,0
1,0,0,0
53,0,0,0
15,0,0,0
15,0,0,0
2,0,0,0
3,0,0,0
10,0,0,0
45,0,0,0
14,0,0,0
13,0,0,0
1,0,0,0
4,0,0,0
22,0,0,0
516,1,9,0
28,0,0,0
3229,2,19,0
10,0,0,0
28,0,0,0
5,0,0,0
61,0,0,0
4,0,0,0
3,0,0,0
22,0,0,0
19,0,0,0
262,0,0,0
1,0,0,0
12,0,0,0
2,0,0,0
3,0,0,0
11,0,0,0
11,0,0,0
13,0,0,0
15,0,0,0
12,0,0,0
20,0,0,0
1,0,0,0
40,0,0,0
377,1,10,0
78,0,0,0
30,0,0,0
37,0,0,0
4,0,0,0
1,0,0,0
100,0,1,0
4,0,0,0
6,0,0,0
16,0,0,0
186,0,0,0
2,0,0,0
2,0,0,0
7,0,0,0
4,0,1,0
32,0,0,0
826,0,4,0
10,0,0,0
5,0,0,0
1075,1,0,0
7,0,0,0
13,0,0,0
1,0,0,0
52,0,0,0
4,0,0,0
35,0,0,0
36,0,0,0
19,0,0,0
10,0,0,0
21,0,0,0
64,0,0,0
1,0,0,0
16,0,0,0
3188,0,9,0
4,0,0,0
28,0,0,0
46,0,0,0
3,0,0,0
14,0,0,0
35,0,0,0
60,0,0,0
1,0,0,0
115,0,0,0
8,0,0,0
96,0,1,0
13,0,0,0
16,0,0,0
6,0,0,0
3,0,0,0
33,0,0,0
14,0,0,0
23,0,0,0
25,0,0,0
29,0,0,0
3,0,0,0
4,0,0,0
4,0,0,0
1,0,0,0
6,0,0,0
5,0,0,0
578,0,0,0
465,0,0,0
3,0,0,0
1,0,0,0
11,0,0,0
3,0,0,0
106,0,0,0
15,0,0,0
50,0,0,0
98,0,0,0
48,0,0,0
8,0,0,0
42,0,0,0
28,0,0,0
51,0,0,0
30,0,0,0
814,0,4,0
2,0,0,0
17,0,0,0
1,0,0,0
46,0,0,0
33,0,0,0
26,0,0,0
14,0,0,0
8,0,0,0
15,0,0,0
22,0,1,0
3,0,0,0
12,0,0,0
6,0,0,0
16,0,0,0
16,0,0,0
1,0,0,0
22,0,0,0
8,0,0,0
4,0,0,0
18,0,0,0
1,0,0,0
905,0,9,0
13,0,0,0
5,0,0,0
3,0,0,0
27,0,0,0
101,0,0,0
14,0,0,0
41,0,0,0
711,1,0,0
16,0,0,0
6,0,0,0
18,0,0,0
20,0,0,0
4,0,0,0
5,0,0,0
1577,2,8,0
20,0,0,0
19,0,0,0
11,0,0,0
15,0,0,0
5,0,0,0
16,0,0,0
223,0,0,0
98,0,1,0
14,0,0,0
3,0,0,0
14,0,0,0
1,0,0,0
2,0,0,0
1,0,0,0
60,0,0,0
2,0,0,0
1,0,0,0
17,0,0,0
40,0,0,0
146,0,0,0
17,0,0,0
3,0,0,0
19,0,0,0
4,0,0,0
16,0,0,0
6,0,0,0
31,0,0,0
203,0,1,0
15,0,0,0
26,0,0,0
3,0,0,0
43,0,0,0
3,0,0,0
5,0,0,0
1,0,0,0
8,0,0,0
50,0,0,0
302,0,0,0
15,0,0,0
863,0,0,0
7,0,0,0
32,0,0,0
12,0,0,0
18,0,0,0
11,0,0,0
43,0,0,0
15,0,0,0
23,0,0,0
15,0,0,0
12,0,0,0
3,0,0,0
6,0,0,0
25,0,0,0
10,0,0,0
575,0,1,0
6,0,0,0
3,0,0,0
5,0,0,0
10,0,0,0
11,0,0,0
162,0,2,1
17,0,0,0
15,0,0,0
18,0,0,0
25,0,0,0
1,0,0,0
1,0,0,0
21,0,0,0
8,0,0,0
2,0,0,0
11,0,0,0
2,0,0,0
140,0,0,0
95,0,0,0
1,0,0,0
1,0,0,0
62,0,1,0
35,0,0,0
27,0,0,0
13,0,0,0
32,0,0,0
20,0,1,0
11,0,0,0
15,0,0,0
24,0,0,0
2,0,0,0
78,0,0,0
11,0,0,0
52,0,0,0
4,0,0,0
36,0,0,0
4,0,0,0
37,0,0,0
5,0,0,0
45,0,1,0
4,0,0,0
16,0,0,0
3,0,0,0
11,0,0,0
11,0,0,0
6,0,0,0
25,0,0,0
4,0,0,0
387,0,0,0
1,0,0,0
12,0,0,0
18,0,0,0
2,0,0,0
3,0,0,0
24,0,0,0
105,0,0,0
41,0,1,0
4,0,0,0
83,0,0,0
40,0,0,0
16,0,0,0
160,0,0,0
5,0,0,0
1,0,0,0
2,0,0,0
16,0,0,0
14,0,0,0
66,0,0,0
12,0,0,0
16,0,0,0
17,0,0,0
35,0,0,0
2,0,0,0
73,0,0,0
23,0,0,0
40,0,0,0
1,0,0,0
33,0,0,0
1,0,0,0
9,0,0,0
33,0,0,0
1,0,0,0
1,0,0,0
39,0,0,0
2,0,0,0
33,0,0,0
10,0,0,0
10,0,0,0
13,0,0,0
18,0,0,0
17,0,0,0
27,0,0,0
21,0,0,0
23,0,0,0
71,0,1,0
13,0,0,0
2,0,0,0
12,0,0,0
57,0,0,0
25,0,0,0
3,0,0,0
12,0,0,0
105,0,0,0
140,0,1,0
11,0,0,0
4,0,0,0
11,0,0,0
325,0,2,0
11,0,0,0
11,0,0,0
1,0,0,0
17,0,0,0
89,0,0,0
18,0,0,0
12,0,0,0
2092,0,8,0
47,0,0,0
9,0,0,0
24,0,0,0
1294,0,4,0
1,0,0,0
22,0,0,0
8,0,0,0
31,0,0,0
14,0,0,0
84,0,1,0
66,0,1,0
26,0,0,0
45,0,0,0
31,0,0,0
21,0,1,0
1,0,0,0
4,0,0,0
9,0,0,0
3,0,0,0
235,0,3,0
2,0,0,0
8,0,0,0
5,0,0,0
3,0,0,0
13,0,0,0
2,0,0,0
21,0,0,0
37,0,0,0
385,0,0,0
202,0,1,0
1,0,0,0
7,0,0,0
1055,1,4,0
1,0,0,0
60,0,0,0
1,0,0,0
19,0,0,0
52,0,0,0
10,0,0,0
1,0,0,0
6,0,0,0
13,0,0,0
36,0,0,0
10,0,0,0
6,0,0,0
17,0,0,0
16,0,0,0
157,0,1,0
1,0,0,0
42,0,0,0
6,0,0,0
38,0,0,0
17,0,0,0
40,0,0,0
1,0,0,0
32,0,0,0
6,0,0,0
41,0,0,0
7,0,0,0
20,0,0,0
32,0,0,0
96,0,2,0
53,0,0,0
41,0,0,0
9,0,0,0
3,0,0,0
16,0,0,0
5,0,0,0
656,0,3,0
4,0,0,0
59,0,0,0
16,0,0,0
6,0,0,0
28,0,0,0
10,0,0,0
765,0,2,0
6,0,0,0
3,0,0,0
3,0,0,0
24,0,0,0
26,0,0,0
28,0,0,0
5,0,0,0
843,0,1,0
22,0,0,0
6,0,0,0
24,0,0,0
15,0,0,0
13,0,0,0
44,0,0,0
1,0,0,0
20,0,0,0
10,0,0,0
5,0,0,0
1,0,0,0
23,0,0,0
31,0,0,0
3,0,0,0
38,0,0,0
15,0,0,0
20,0,0,0
10,0,0,0
71,0,0,0
2,0,0,0
4,0,0,0
53,0,0,0
16,0,0,0
2,0,0,0
11,0,0,0
673,0,4,0
8,0,0,0
1,0,0,0
34,0,0,0
110,0,0,0
6,0,0,0
8,0,0,0
11,0,0,0
10,0,0,0
16,0,0,0
630,0,0,0
97,0,2,0
1,0,0,0
4,0,0,0
21,0,0,0
11,0,0,0
681,0,5,0
2,0,0,0
10,0,1,0
34,0,0,0
1,0,0,0
18,0,0,0
15,0,0,0
17,0,0,0
17,0,0,0
20,0,0,0
189,0,1,0
28,0,0,0
18,0,0,0
349,0,2,0
3,0,0,0
642,0,1,0
1,0,0,0
3,0,0,0
18,0,0,0
45,0,0,0
12,0,0,0
29,0,2,0
4,0,0,0
4,0,0,0
1,0,0,0
382,0,2,0
10,0,0,0
22,0,0,0
1,0,0,0
10,0,0,0
34,0,0,0
4,0,0,0
139,0,0,0
68,0,0,0
1,0,0,0
13,0,0,0
25,0,0,0
40,0,0,0
21,0,0,0
6,0,0,0
7,0,0,0
20,0,0,0
1,0,0,0
9,0,0,0
9,0,0,0
11,0,0,0
1,0,0,0
28,0,0,0
2,0,0,0
28,0,0,0
9,0,0,0
10,0,0,0
13,0,0,0
6,0,0,0
8,0,0,0
7,0,0,0
1,0,0,0
39,0,0,0
1071,0,1,0
21,0,0,0
41,0,0,0
1975,1,7,0
5,0,0,0
2,0,0,0
385,2,0,0
41,0,0,0
35,0,0,0
10,0,0,0
40,0,0,0
33,0,0,0
4,0,0,0
32,0,0,0
3,0,0,0
209,0,0,0
28,0,0,0
4,0,0,0
2599,0,9,0
10,0,0,0
8,0,0,0
7,0,0,0
5,0,0,0
13,0,0,0
30,0,0,0
17,0,0,0
8,0,0,0
31,0,0,0
1,0,0,0
84,0,0,0
330,0,0,0
5,0,0,0
9,0,0,0
15,0,0,0
1,0,0,0
6,0,0,0
5,0,0,0
16,0,0,0
51,0,0,0
46,0,0,0
4,0,0,0
1057,0,5,0
2,0,0,0
5,0,0,0
113,1,0,0
5,0,0,0
22,0,0,0
7,0,0,0
7,0,0,0
1,0,0,0
23,0,1,0
1,0,0,0
11,0,0,0
2,0,0,0
1,0,0,0
19,0,0,0
7,0,0,0
2,0,0,0
26,0,0,0
15,0,0,0
31,0,0,0
61,0,0,0
5,0,0,0
119,0,1,0
1,0,0,0
20,0,0,0
16,0,0,0
3,0,0,0
39,0,0,0
159,0,0,0
1,0,0,0
110,0,0,0
21,0,0,0
191,0,0,0
2,0,0,0
18,0,0,0
59,0,0,0
7,0,0,0
767,0,6,0
4,0,0,0
5,0,0,0
74,0,1,0
178,0,0,0
4,0,0,0
3,0,0,0
14,0,0,0
6,0,0,0
24,0,0,0
1,0,0,0
1,0,0,0
7,0,0,0
8,0,0,0
19,0,0,0
18,0,0,0
8,0,0,0
23,0,0,0
8,0,0,0
7,0,0,0
16,0,0,0
41,0,0,0
23,0,0,0
17,0,0,0
10,0,0,0
14,0,0,0
1,0,0,0
1,0,0,0
42,0,0,0
47,0,0,0
15,0,0,0
13,0,0,0
42,0,0,0
9,0,0,0
2,0,0,0
29,0,0,0
1,0,0,0
59,0,0,0
5,0,0,0
1828,0,4,0
9,0,0,0
129,0,2,0
31,0,0,0
13,0,0,0
8,0,0,0
40,0,0,0
54,0,0,0
4,0,0,0
12,0,0,0
318,0,0,0
210,0,1,0
18,0,0,0
33,0,0,0
61,0,0,0
273,0,0,0
22,0,0,0
2,0,0,0
10,0,0,0
13,0,0,0
1,0,0,0
11,0,0,0
1,0,0,0
6,0,0,0
28,0,0,0
11,0,0,0
47,0,2,0
5,0,0,0
1,0,0,0
110,0,1,0
12,0,0,0
62,0,0,0
33,0,0,0
3,0,0,0
1,0,0,0
2,0,0,0
20,0,0,0
4,0,0,0
117,0,1,0
17,0,0,0
681,1,4,0
1,0,0,0
43,0,0,0
1,0,0,0
5,0,0,0
10,0,0,0
1,0,0,0
16,0,0,0
19,0,0,0
1,0,0,0
30,0,0,0
15,0,0,0
31,0,1,0
52,0,0,0
17,0,0,0
43,0,0,0
14,0,0,0
1,0,0,0
4152,0,24,0
2,0,0,0
5,0,0,0
541,1,2,0
65,0,0,0
29,0,0,0
24,0,0,0
140,0,2,0
1,0,0,0
8,0,0,0
15,0,0,0
8,0,0,0
52,0,0,0
1,0,0,0
24,0,0,0
5,0,0,0
4,0,0,0
4,0,0,0
1,0,0,0
16,0,0,0
15,0,0,0
20,0,0,0
20,0,0,0
16,0,0,0
1,0,0,0
110,0,0,0
843,0,3,0
5,0,0,0
1861,0,1,0
31,0,0,0
8,0,0,0
5,0,0,0
13,0,0,0
10,0,0,0
2,0,0,0
43,0,0,0
5,0,0,0
18,0,1,0
2,0,0,0
9,0,0,0
6,0,0,0
1,0,0,0
107,0,0,0
7,0,0,0
16,0,0,0
85,0,0,0
4,0,0,0
2,0,0,0
7,0,0,0
22,0,0,0
19,0,0,0
57,0,0,0
14,0,0,0
12,0,0,0
42,0,0,0
1,0,0,0
412,1,1,0
21,0,0,0
23,0,0,0
817,1,1,0
4,0,0,0
17,0,0,0
1,0,0,0
74,0,0,0
11,0,0,0
6,0,0,0
19,0,0,0
39,0,0,0
2,0,0,0
6,0,0,0
4,0,0,0
17,0,0,0
1,0,0,0
7,0,0,0
22,0,0,0
1,0,0,0
1,0,0,0
79,0,0,0
11,0,0,0
18,0,0,0
35,0,0,0
9,0,0,0
16,0,0,0
33,0,0,0
1,0,0,0
18,0,0,0
13,0,0,0
10,0,0,0
8,0,0,0
1,0,0,0
112,0,0,0
13,0,0,0
144,1,0,0
28,0,0,0
25,0,0,0
4,0,0,0
132,0,0,0
66,0,0,0
1,0,0,0
29,0,0,0
3,0,0,0
20,0,0,0
5,0,0,0
56,0,0,0
1,0,0,0
2992,5,14,0
2,0,0,0
1,0,0,0
13,0,0,0
11,0,0,0
31,0,0,0
1,0,0,0
41,0,0,0
18,0,0,0
6,0,0,0
14,0,0,0
29,0,0,0
11,0,0,0
2747,2,6,0
953,8,3,0
831,0,3,0
23,0,0,0
21,0,0,0
109,0,1,0
8,0,0,0
27,0,0,0
1,0,0,0
19,0,0,0
26,0,0,0
3,0,0,0
7,0,0,0
4,0,0,0
11,0,0,0
40,0,1,0
6,0,0,0
5,0,0,0
8,0,0,0
16,0,0,0
62,0,0,0
17,0,0,0
12,0,0,0
11,0,0,0
23,0,0,0
9,0,0,0
3,0,0,0
5,0,0,0
20,0,0,0
23,0,0,0
11,0,0,0
28,0,0,0
18,0,0,0
12,0,0,0
1,0,0,0
5138,2,45,0
72,0,0,0
2,0,0,0
10,0,0,0
6,0,0,0
206,0,0,0
58,0,0,0
1,0,0,0
18,0,0,0
10,0,0,0
1,0,0,0
15,0,0,0
1,0,0,0
21,0,0,0
32,0,0,0
89,0,0,0
9,0,0,0
35,0,0,0
3,0,0,0
49,0,0,0
27,0,0,0
16,0,0,0
2,0,0,0
395,1,0,0
13,0,0,0
1,0,0,0
9,0,0,0
11,0,0,0
106,0,0,0
13,0,0,0
70,0,0,0
973,0,5,0
4,0,0,0
5,0,0,0
14,0,0,0
28,0,0,0
42,0,0,0
17,0,0,0
1,0,0,0
34,0,0,0
4,0,0,0
13,0,0,0
25,0,0,0
21,0,0,0
10,0,0,0
1,0,0,0
5,0,0,0
3,0,0,0
30,0,0,0
20,0,0,0
1,0,0,0
66,0,0,0
1,0,0,0
88,0,0,0
6,0,0,0
8,0,0,0
1,0,0,0
3,0,0,0
39,0,0,0
196,0,0,0
2,0,0,0
8,0,0,0
7,0,0,0
19,0,0,0
21,0,0,0
15,0,0,0
11,0,0,0
2,0,0,0
2,0,0,0
31,0,0,0
1,0,0,0
6,0,0,0
2,0,0,0
4,0,0,0
12,0,0,0
11,0,0,0
518,1,3,0
5,0,0,0
27,0,0,0
36,0,0,0
16,0,0,0
22,0,0,0
99,0,0,0
1,0,0,0
18,0,0,0
48,0,0,0
4,0,0,0
315,1,12,0
44,0,0,0
2,0,0,0
12,0,0,0
122,0,0,0
1,0,0,0
16,0,0,0
27,0,0,0
11,0,0,0
9,0,0,0
16,0,0,0
31,0,0,0
1,0,0,0
341,1,0,0
1,0,0,0
7,0,0,0
18,0,0,0
9,0,0,0
35,0,0,0
31,0,1,0
58,0,0,0
99,0,1,0
1,0,0,0
2,0,0,0
11,0,0,0
4,0,0,0
2,0,0,0
21,0,1,0
1,0,0,0
1,0,0,0
41,0,0,0
6,0,0,0
20,0,0,0
12,0,0,0
514,0,3,0
29,0,0,0
4,0,0,0
76,0,0,0
6,0,0,0
16,0,0,0
54,0,0,0
1,0,0,0
989,0,1,0
1,0,0,0
1,0,0,0
10,0,0,0
9,0,0,0
11,0,0,0
19,0,0,0
18,0,0,0
10,0,0,0
5,0,0,0
1,0,0,0
48,0,1,0
2,0,0,0
6,0,0,0
18,0,0,0
8,0,0,0
8,0,0,0
4,0,0,0
11,0,0,0
688,0,4,0
77,0,0,0
12,0,0,0
9,0,0,0
1611,1,7,0
1,0,0,0
10,0,0,0
3,0,0,0
1,0,0,0
14,0,0,0
7,0,0,0
2,0,0,0
6,0,0,0
21,0,0,0
8,0,0,0
17,0,0,0
23,0,0,0
24,0,0,0
32,0,0,0
98,0,0,0
25,0,0,0
11,0,0,0
10,0,0,0
15,0,0,0
10,0,0,0
25,0,0,0
24,0,0,0
9,0,0,0
169,0,0,0
12,0,0,0
70,0,0,0
1,0,0,0
9,0,0,0
6,0,0,0
6,0,0,0
36,0,0,0
781,0,1,0
1,0,0,0
2,0,0,0
4,0,0,0
8,0,0,0
149,0,1,0
1,0,0,0
105,0,0,0
37,0,1,0
1,0,0,0
60,0,0,0
2,0,0,0
330,0,1,0
19,0,0,0
2,0,0,0
13,0,0,0
1,0,0,0
14,0,0,0
8,0,0,0
3,0,0,0
11,0,0,0
6,0,0,0
1,0,0,0
48,0,0,0
2,0,0,0
4,0,0,0
30,0,0,0
52,0,0,0
14,0,0,0
1,0,0,0
19,0,0,0
19,0,0,0
23,0,0,0
3,0,0,0
100,0,1,0
91,0,0,0
2,0,0,0
1,0,0,0
39,0,1,0
22,0,1,0
2,0,0,0
1,0,0,0
1,0,0,0
13,0,0,0
18,0,0,0
20,0,0,0
1,0,0,0
5,0,0,0
91,0,0,0
4,0,0,0
2226,1,4,0
4,0,0,0
11,0,0,0
23,0,0,0
9,0,0,0
17,0,0,0
8,0,0,0
1563,0,9,0
3,0,0,0
902,0,2,0
12,0,0,0
14,0,0,0
22,0,0,0
53,0,1,0
24,0,0,0
49,0,0,0
101,0,1,0
28,0,1,0
139,0,1,0
193,0,0,0
1,0,0,0
6,0,0,0
20,0,0,0
218,0,1,0
2,0,0,0
2,0,0,0
7,0,0,0
7,0,0,0
199,0,1,0
17,0,0,0
10,0,0,0
3,0,0,0
16,0,0,0
7,0,0,0
4,0,0,0
65,0,0,0
4,0,0,0
2,0,0,0
1,0,0,0
15,0,0,0
24,0,0,0
16,0,0,0
18,0,0,0
658,0,5,0
22,0,0,0
42,0,0,0
31,0,0,0
28,0,0,0
6,0,0,0
334,0,0,0
7,0,0,0
136,0,0,0
1042,0,1,0
7,0,0,0
59,0,1,0
57,0,0,0
2,0,0,0
4,0,0,0
14,0,0,0
13,0,0,0
33,0,0,0
1,0,0,0
4,0,0,0
9,0,0,0
2,0,0,0
7,0,0,0
38,0,0,0
8,0,0,0
94,0,0,0
23,0,0,0
4,0,0,0
34,0,0,0
1,0,0,0
13,0,0,0
12,0,0,0
18,0,0,0
15,0,0,0
887,0,3,0
58,0,0,0
10,0,0,0
6,0,0,0
34,0,0,0
19,0,0,0
1,0,0,0
41,0,0,0
1,0,0,0
5,0,0,0
14,0,0,0
10,0,0,0
6,0,0,0
13,0,0,0
1,0,0,0
1,0,0,0
26,0,0,0
39,0,0,0
2,0,0,0
8,0,0,0
6,0,0,0
106,0,1,0
17,0,0,0
4,0,0,0
9,0,0,0
10,0,0,0
519,2,4,1
128,0,0,0
114,0,1,0
10,0,0,0
256,0,2,0
21,0,0,0
5,0,0,0
136,0,0,0
1,0,0,0
19,0,0,0
19,0,0,0
42,0,0,0
6,0,0,0
23,0,0,0
229,0,0,0
22,0,0,0
11,0,0,0
7,0,0,0
40,0,0,0
17,0,0,0
1,0,0,0
4,0,0,0
2,0,0,0
10,0,0,0
11,0,0,0
5,0,0,0
75,0,0,0
16,0,0,0
1,0,0,0
3,0,0,0
1,0,0,0
1,0,0,0
53,0,0,0
18,0,0,0
7,0,0,0
22,0,0,0
20,0,0,0
16,0,0,0
8,0,0,0
36,0,0,0
50,0,0,0
70,0,0,0
3,0,0,0
1051,0,1,0
1,0,0,0
11,0,0,0
1,0,0,0
24,0,0,0
68,0,0,0
2,0,0,0
9,0,0,0
26,0,1,0
12,0,0,0
268,0,0,0
4,0,0,0
187,0,1,0
1,0,0,0
50,0,0,0
2,0,0,0
30,0,0,0
7,0,0,0
28,0,0,0
5,0,0,0
1,0,0,0
23,0,0,0
2,0,0,0
19,0,0,0
4,0,0,0
12,0,0,0
26,0,0,0
14,0,0,0
21,0,0,0
5,0,0,0
24,0,0,0
55,0,0,0
2,0,0,0
16,0,0,0
43,0,1,0
22,0,0,0
46,0,0,0
3,0,0,0
58,0,0,0
9,0,0,0
21,0,0,0
1,0,0,0
13,0,0,0
12,0,0,0
25,0,0,0
1,0,0,0
2,0,0,0
21,0,0,0
6,0,0,0
25,0,0,0
1,0,0,0
1182,0,7,0
13,0,0,0
1,0,0,0
59,0,1,0
5,0,0,0
11,0,0,0
16,0,0,0
19,0,0,0
1,0,0,0
21,0,0,0
85,0,0,0
3,0,0,0
94,0,0,0
1,0,0,0
9,0,0,0
64,0,0,0
9,0,0,0
1,0,0,0
116,0,0,0
2,0,0,0
7,0,0,0
16,0,0,0
19,0,0,0
1530,1,4,0
256,0,1,0
2,0,0,0
76,0,0,0
17,0,0,0
176,0,1,0
220,0,0,0
32,0,0,0
18,0,0,0
12,0,0,0
1114,1,3,0
1,0,0,0
18,0,0,0
108,0,0,0
10,0,0,0
22,0,0,0
2,0,0,0
10,0,0,0
9,0,0,0
15,0,0,0
163,0,0,0
5,0,0,0
3,0,0,0
15,0,0,0
1101,1,6,0
7,0,0,0
2,0,0,0
31,0,0,0
22,0,0,0
27,0,0,0
5044,0,11,0
95,0,0,0
11,0,0,0
13,0,0,0
94,0,0,0
1,0,0,0
1,0,0,0
47,0,2,0
25,0,0,0
1,0,0,0
6,0,0,0
27,0,0,0
7,0,0,0
22,0,0,0
29,0,0,0
1,0,0,0
1,0,0,0
17,0,0,0
38,0,0,0
7,0,0,0
2,0,0,0
5,0,0,0
1,0,0,0
1,0,0,0
5,0,0,0
8,0,0,0
37,0,0,0
18,0,0,0
17,0,0,0
77,0,0,0
12,0,0,0
18,0,0,0
11,0,0,0
26,0,0,0
16,0,0,0
13,0,0,0
14,0,0,0
19,0,0,0
58,0,0,0
22,0,0,0
8,0,0,0
14,0,0,0
77,0,0,0
57,0,0,0
1381,0,1,0
9,0,0,0
13,0,0,0
27,0,0,0
83,0,0,0
8,0,0,0
2,0,0,0
40,0,0,0
7,0,0,0
21,0,0,0
9,0,0,0
13,0,0,0
15,0,0,0
173,0,0,0
42,0,0,0
1,0,0,0
5,0,0,0
25,0,0,0
4,0,0,0
72,0,1,0
4,0,0,0
4,0,0,0
28,0,0,0
24,0,0,0
3,0,0,0
14,0,0,0
1,0,0,0
243,1,1,0
13,0,0,0
11,0,0,0
10,0,0,0
1,0,0,0
4,0,0,0
19,0,0,0
15,0,0,0
205,0,0,0
26,0,0,0
5398,0,14,0
56,0,0,0
12,0,0,0
1,0,0,0
400,0,4,1
1,0,0,0
11,0,0,0
11,0,0,0
296,0,0,0
46,0,0,0
25,0,0,0
2,0,0,0
614,0,3,0
16,0,0,0
4615,0,8,0
25,0,0,0
8,0,0,0
5,0,0,0
607,9,13,0
27,0,0,0
15,0,0,0
1102,0,1,0
27,0,0,0
8,0,0,0
23,0,0,0
16,0,0,0
9,0,0,0
1,0,0,0
17,0,0,0
15,0,0,0
7,0,0,0
5,0,0,0
1,0,0,0
10,0,1,0
37,0,0,0
17,0,0,0
15,0,0,0
12,0,0,0
10,0,0,0
12,0,0,0
443,0,0,0
1,0,0,0
6,0,0,0
29,0,0,0
201,0,0,0
96,0,1,0
16,0,0,0
15,0,0,0
4,0,0,0
40,0,0,0
7,0,0,0
1,0,0,0
59,0,0,0
13,0,1,0
7,0,0,0
7,0,0,0
1,0,0,0
6,0,0,0
22,0,0,0
107,0,0,0
13,0,0,0
10,0,0,0
13,0,0,0
8,0,0,0
40,0,0,0
1,0,0,0
4,0,0,0
4,0,0,0
3,0,0,0
28,0,0,0
19,0,0,0
6,0,0,0
77,0,1,0
33,0,0,0
43,0,0,0
46,0,1,0
12,0,1,0
94,0,0,0
15,0,0,0
11,0,0,0
478,0,6,0
18,0,0,0
5,0,0,0
2,0,0,0
16,0,0,0
1,0,0,0
12,0,0,0
448,0,2,0
24,0,0,0
6,0,0,0
1,0,0,0
9,0,0,0
1,0,0,0
38,0,0,0
13,0,0,0
12,0,0,0
18,0,0,0
22,0,0,0
27,0,0,0
10,0,0,0
29,0,0,0
24,0,0,0
1164,1,0,0
22,0,0,0
1,0,0,0
31,0,1,0
1,0,0,0
4,0,0,0
24,0,0,0
6,0,0,0
1,0,0,0
21,0,0,0
7,0,0,0
57,0,0,0
23,0,0,0
1,0,0,0
27,0,0,0
5,0,0,0
2,0,0,0
4,0,0,0
1195,0,5,0
41,0,0,0
58,0,1,0
21,0,0,0
1,0,0,0
12,0,0,0
92,0,0,0
22,0,0,0
19,0,0,0
11,0,0,0
9,0,0,0
8,0,0,0
3,0,0,0
444,0,5,1
8,0,0,0
8,0,0,0
5,0,0,0
185,0,0,0
6,0,0,0
9,0,0,0
31,0,1,0
22,0,0,0
40,0,0,0
153,0,0,0
62,0,1,0
86,0,0,0
479,0,0,0
7,0,0,0
7,0,0,0
19,0,0,0
11,0,0,0
1,0,0,0
14,0,0,0
73,0,0,0
559,0,0,0
134,0,5,0
10,0,0,0
57,0,0,0
26,0,0,0
9,0,0,0
12,0,0,0
7,0,0,0
26,0,0,0
2,0,0,0
17,0,0,0
65,0,0,0
54,0,0,0
148,0,0,0
10,0,0,0
7,0,0,0
6,0,0,0
18,0,0,0
157,0,0,0
145,0,1,0
17,0,0,0
11,0,0,0
2,0,0,0
95,0,0,0
13,0,0,0
3,0,0,0
6,0,0,0
128,0,0,0
17,0,0,0
24,0,0,0
16,0,0,0
2,0,0,0
9,0,0,0
1,0,0,0
11,0,0,0
30,0,0,0
1,0,0,0
2,0,0,0
7,0,0,0
22,0,0,0
1,0,0,0
16,0,0,0
16,0,0,0
4,0,0,0
8,0,1,0
3,0,0,0
15,0,0,0
59,0,0,0
16,0,0,0
230,0,4,0
1,0,0,0
5,0,0,0
14,0,0,0
2,0,0,0
33,0,0,0
1,0,0,0
21,0,0,0
1,0,0,0
37,0,0,0
60,0,0,0
5,0,0,0
9,0,0,0
13,0,0,0
3,0,0,0
6,0,0,0
3,0,0,0
1,0,0,0
6,0,0,0
1071,0,2,0
234,0,0,0
2,0,0,0
9,0,0,0
7,0,0,0
59,0,0,0
15,0,1,0
1,0,0,0
41,0,1,0
1,0,0,0
6,0,0,0
4,0,0,0
3,0,0,0
13,0,0,0
22,0,1,0
28,0,0,0
7,0,0,0
13,0,1,0
233,0,0,0
1,0,0,0
66,0,1,0
277,0,0,0
31,0,0,0
46,0,0,0
348,0,4,0
32,0,0,0
1,0,0,0
21,0,0,0
170,1,0,0
7,0,0,0
91,0,0,0
7,0,0,0
18,0,0,0
5,0,0,0
33,0,0,0
10,0,0,0
134,0,1,0
3,0,0,0
10,0,0,0
1,0,0,0
150,0,1,0
9,0,0,0
40,0,0,0
15,0,0,0
11,0,0,0
83,0,0,0
15,0,0,0
37,0,0,0
416,1,5,0
28,0,0,0
13,0,0,0
14,0,0,0
26,0,0,0
10,0,0,0
14,0,0,0
1,0,0,0
1,0,0,0
9,0,0,0
1246,3,6,0
2,0,0,0
854,0,6,0
1,0,0,0
15,0,0,0
18,0,0,0
158,0,0,0
13,0,1,0
1,0,0,0
8,0,1,0
6,0,0,0
17,0,0,0
11,0,0,0
1,0,0,0
10,0,0,0
1,0,0,0
437,0,0,0
7,0,0,0
4,0,0,0
6,0,0,0
5,0,0,0
8,0,0,0
328,0,1,0
412,0,2,0
9,0,0,0
6,0,1,0
27,0,0,0
16,0,0,0
20,0,0,0
1,0,0,0
27,0,0,0
10,0,0,0
9,0,0,0
3,0,0,0
15,0,0,0
4,0,0,0
10,0,0,0
1,0,0,0
1,0,0,0
1075,1,1,0
2,0,0,0
6,0,0,0
36,0,0,0
1,0,0,0
47,0,0,0
12,0,0,0
15,0,0,0
989,0,3,0
5,0,0,0
65,0,0,0
7,0,0,0
20,0,0,0
45,0,0,0
17,0,0,0
18,0,0,0
10,0,0,0
11,0,0,0
1,0,0,0
15,0,0,0
7,0,0,0
1,0,0,0
53,0,1,0
5,0,0,0
2,0,0,0
13,0,0,0
10,0,0,0
45,0,0,0
6,0,0,0
1,0,0,0
22,0,0,0
12,0,0,0
11,0,0,0
3,0,0,0
25,0,0,0
41,0,0,0
6,0,0,0
5,0,0,0
846,0,0,0
4,0,0,0
16,0,0,0
5,0,0,0
591,0,4,0
30,0,0,0
6,0,0,0
13,0,0,0
127,0,1,0
1,0,0,0
1067,0,2,0
2,0,0,0
1,0,0,0
9,0,0,0
63,0,0,0
3,0,0,0
102,0,0,0
1350,2,2,0
29,0,1,0
7,0,0,0
59,0,0,0
1124,0,5,0
5,0,0,0
131,0,1,0
165,0,0,0
1,0,0,0
19,0,0,0
9,0,0,0
9,0,0,0
1,0,0,0
124,0,0,0
2,0,0,0
27,0,0,0
13,0,0,0
12,0,0,0
2,0,0,0
5,0,0,0
42,0,0,0
176,0,5,1
2,0,0,0
12,0,0,0
3,0,0,0
9,0,0,0
38,0,0,0
1,0,0,0
132,0,1,0
1,0,0,0
17,0,0,0
38,0,0,0
1,0,0,0
7,0,0,0
5,0,0,0
31,0,0,0
1,0,0,0
36,0,0,0
1,0,0,0
7,0,0,0
16,0,0,0
2,0,0,0
12,0,0,0
62,0,0,0
1,0,0,0
29,0,0,0
21,0,0,0
22,0,0,0
1,0,0,0
1,0,0,0
31,0,0,0
207,0,1,0
12,0,0,0
31,0,0,0
27,0,0,0
43,0,0,0
1,0,0,0
6,0,0,0
9,0,0,0
22,0,0,0
1749,0,2,0
7,0,0,0
3571,2,20,0
5,0,0,0
16,0,0,0
30,0,0,0
162,0,0,0
7,0,0,0
1009,0,1,0
53,0,0,0
34,0,0,0
51,0,0,0
5,0,0,0
371,0,0,0
34,0,1,0
3,0,0,0
1,0,0,0
2,0,0,0
2,0,0,0
14,0,0,0
5,0,0,0
1,0,0,0
2738,2,5,0
7,0,0,0
6,0,0,0
11,0,0,0
5,0,0,0
4,0,0,0
1,0,0,0
19,0,0,0
14,0,0,0
4,0,0,0
50,0,0,0
11,0,0,0
93,0,0,0
6,0,0,0
10,0,0,0
13,0,0,0
8,0,0,0
24,0,1,0
7,0,0,0
52,0,0,0
7,0,0,0
20,0,0,0
26,0,0,0
10,0,0,0
11,0,0,0
17,0,0,0
1,0,0,0
12,0,0,0
107,0,0,0
23,0,0,0
1,0,0,0
3361,1,2,0
92,0,0,0
14,0,0,0
12,0,0,0
21,0,0,0
43,0,0,0
33,0,0,0
21,0,0,0
28,0,0,0
26,0,0,0
16,0,0,0
14,0,0,0
6,0,0,0
5,0,0,0
33,0,1,0
1,0,0,0
1,0,0,0
48,0,0,0
2,0,0,0
1,0,0,0
17,0,0,0
8,0,0,0
1,0,0,0
16,0,0,0
9,0,0,0
1,0,0,0
9,0,0,0
7,0,0,0
28,0,0,0
4,0,0,0
15,0,0,0
68,0,1,0
4,0,0,0
2386,1,15,0
7,0,0,0
2,0,0,0
7,0,0,0
25,0,0,0
4,0,0,0
362,0,1,0
4,0,0,0
95,0,2,0
14,0,0,0
2,0,0,0
14,0,0,0
31,0,1,0
15,0,0,0
10,0,0,0
6,0,0,0
28,0,0,0
42,0,1,0
57,0,0,0
14,0,0,0
6,0,0,0
28,0,0,0
14,0,0,0
196,0,0,0
17,0,0,0
16,0,0,0
30,0,0,0
1,0,0,0
38,0,0,0
92,0,0,0
386,0,1,0
15,0,0,0
33,0,0,0
9,0,0,0
14,0,0,0
12,0,0,0
18,0,0,0
24,0,0,0
2,0,0,0
39,0,0,0
6,0,0,0
72,0,0,0
117,0,0,0
3,0,0,0
9,0,0,0
22,0,0,0
3,0,0,0
194,0,1,0
198,0,0,0
148,0,2,0
1,0,0,0
11,0,0,0
1,0,0,0
5,0,0,0
1,0,0,0
15,0,0,0
2,0,0,0
56,0,0,0
1228,0,9,0
18,0,0,0
1,0,0,0
2,0,0,0
11,0,0,0
23,0,0,0
6,0,0,0
41,0,0,0
19,0,0,0
22,0,0,0
30,0,0,0
56,0,0,0
1107,0,5,0
384,0,1,0
24,0,0,0
3,0,0,0
47,0,0,0
33,0,0,0
1,0,0,0
18,0,0,0
13,0,0,0
87,0,0,0
12,0,0,0
10,0,0,0
1,0,0,0
40,0,0,0
96,0,1,0
11,0,0,0
11,0,0,0
776,0,5,0
3,0,0,0
61,0,0,0
7,0,0,0
4,0,0,0
9,0,0,0
7,0,0,0
38,0,0,0
1,0,0,0
1,0,0,0
32,0,0,0
11,0,0,0
6,0,0,0
82,0,0,0
1,0,0,0
23,0,0,0
32,0,0,0
6,0,0,0
4,0,0,0
12,0,0,0
5,0,0,0
6,0,0,0
25,0,0,0
28,0,0,0
26,0,0,0
13,0,0,0
6,0,0,0
2,0,0,0
18,0,0,0
105,0,0,0
2,0,0,0
1,0,0,0
10,0,0,0
18,0,0,0
43,0,0,0
11,0,0,0
14,0,0,0
11,0,0,0
1,0,0,0
20,0,0,0
66,0,0,0
1,0,0,0
15,0,0,0
45,0,0,0
2,0,0,0
40,0,0,0
7,0,0,0
11,0,0,0
17,0,0,0
12,0,0,0
64,0,1,0
21,0,0,0
190,0,1,0
14,0,0,0
42,0,0,0
13,0,0,0
7,0,0,0
2,0,0,0
29,0,0,0
16,0,0,0
6,0,0,0
24,0,0,0
127,0,2,0
65,0,0,0
54,0,0,0
1,0,0,0
14,0,0,0
2,0,0,0
23,0,0,0
36,0,0,0
26,0,0,0
83,0,0,0
9,0,0,0
101,0,1,1
19,0,0,0
14,0,0,0
17,0,0,0
2,0,0,0
1,0,0,0
14,0,1,0
39,0,0,0
21,0,0,0
6,0,0,0
890,0,5,0
4,0,0,0
1,0,0,0
62,0,0,0
5,0,0,0
19,0,0,0
4,0,0,0
16,0,0,0
100,0,0,0
23,0,0,0
37,0,0,0
8,0,0,0
5,0,0,0
4,0,0,0
22,0,0,0
6,0,0,0
6,0,0,0
9,0,0,0
4,0,0,0
1,0,0,0
8,0,0,0
50,0,0,0
6,0,0,0
4,0,0,0
1,0,0,0
19,0,0,0
3,0,0,0
11,0,0,0
2,0,0,0
8,0,0,0
182,0,0,0
5,0,0,0
9,0,0,0
11,0,0,0
43,0,0,0
57,0,0,0
1,0,0,0
7,0,0,0
6,0,0,0
1,0,0,0
28,0,0,0
2,0,0,0
30,0,0,0
8,0,0,0
12,0,0,0
57,0,0,0
23,0,0,0
17,0,0,0
37,0,0,0
1,0,0,0
2,0,0,0
1,0,0,0
182,0,2,0
18,0,0,0
7,0,0,0
3,0,0,0
11,0,0,0
4939,0,33,0
56,0,0,0
76,0,0,0
9,0,0,0
11936,0,24,0
3,0,0,0
174,0,0,0
2,0,0,0
42,0,0,0
56,0,0,0
25,0,0,0
954,4,6,0
1,0,0,0
365,0,2,0
6,0,0,0
51,0,0,0
1,0,0,0
12,0,0,0
10,0,0,0
1,0,0,0
10,0,0,0
116,0,0,0
26,0,0,0
12,0,0,0
43,0,0,0
4,0,0,0
50,0,0,0
402,1,1,0
621,0,3,0
28,0,0,0
1,0,0,0
14,0,0,0
1,0,0,0
39,0,0,0
16,0,0,0
21,0,0,0
1,0,0,0
17,0,0,0
15,0,0,0
31,0,0,0
30,0,0,0
7,0,0,0
9,0,0,0
35,0,1,0
66,0,0,0
8,0,0,0
7,0,0,0
9,0,0,0
10,0,0,0
5,0,0,0
17,0,0,0
16,0,0,0
3,0,0,0
3,0,0,0
12,0,0,0
10,0,0,0
1,0,0,0
22,0,0,0
12,0,0,0
27,0,0,0
54,0,1,0
19,0,0,0
31,0,1,0
96,0,0,0
1,0,0,0
24,0,0,0
4653,1,19,0
11,0,0,0
29,0,0,0
1,0,0,0
119,0,0,0
56,0,1,0
1,0,0,0
16,0,0,0
21,0,0,0
12,0,0,0
10,0,0,0
5,0,0,0
1,0,0,0
4,0,0,0
3,0,0,0
13,0,0,0
622,0,1,0
4,0,0,0
33,0,0,0
107,0,0,0
52,0,0,0
1,0,0,0
13,0,0,0
13,0,1,0
27,0,0,0
111,0,1,0
2,0,0,0
12,0,0,0
1,0,0,0
29,0,0,0
1,0,0,0
3,0,0,0
1,0,0,0
10,0,0,0
50,0,0,0
1,0,0,0
64,0,1,0
78,0,0,0
12,0,0,0
133,0,0,0
27,0,0,0
2,0,0,0
7,0,0,0
19,0,0,0
34,0,0,0
118,0,0,0
23,0,0,0
13,0,0,0
3,0,0,0
54,0,1,0
20,0,0,0
5,0,0,0
781,0,5,0
5,0,0,0
15,0,0,0
3,0,0,0
1,0,0,0
11,0,0,0
20,0,0,0
170,0,0,0
65,0,0,0
4,0,0,0
6,0,0,0
10,0,0,0
1,0,0,0
7,0,0,0
11,0,0,0
116,0,0,0
23,0,0,0
9,0,0,0
8,0,0,0
74,0,0,0
23,0,0,0
1,0,0,0
10,0,0,0
1,0,0,0
1,0,0,0
109,0,0,0
36,0,0,0
21,0,0,0
2,0,0,0
1,0,0,0
870,0,2,0
15,0,0,0
66,0,0,0
3,0,0,0
789,0,2,0
36,0,0,0
18,0,0,0
1,0,0,0
1,0,0,0
40,0,0,0
14,0,0,0
9,0,0,0
24,0,0,0
1,0,0,0
22,0,0,0
24,0,0,0
3,0,0,0
18,0,0,0
3,0,0,0
62,0,1,0
8,0,0,0
35,0,0,0
23,0,0,0
956,6,5,0
13,0,0,0
12,0,0,0
5,0,0,0
37,0,0,0
159,0,0,0
10,0,0,0
46,0,0,0
1,0,0,0
224,0,0,0
11,0,0,0
382,0,0,0
83,0,2,0
2,0,0,0
18,0,0,0
15,0,0,0
446,0,2,0
9,0,0,0
4,0,0,0
1,0,0,0
1,0,0,0
2,0,0,0
51,0,0,0
19,0,0,0
21,0,0,0
60,0,0,0
13,0,0,0
130,0,0,0
21,0,0,0
31,0,0,0
2,0,0,0
12,0,0,0
9,0,0,0
1,0,0,0
9,0,0,0
11,0,0,0
18,0,0,0
3,0,0,0
17,0,0,0
11,0,0,0
25,0,0,0
14,0,0,0
17,0,0,0
17,0,0,0
13,0,0,0
1,0,0,0
8,0,0,0
10,0,0,0
9,0,0,0
208,0,1,0
1,0,0,0
24,0,0,0
112,0,0,0
9,0,0,0
48,0,0,0
27,0,0,0
803,0,2,0
14,0,0,0
45,0,1,0
13,0,0,0
2,0,0,0
16,0,0,0
11,0,0,0
54,0,0,0
6,0,0,0
52,0,1,0
6,0,0,0
16,0,0,0
99,0,0,0
19,0,0,0
242,0,1,0
8,0,0,0
3,0,0,0
11,0,0,0
3,0,0,0
55,0,0,0
121,0,1,0
15,0,0,0
1,0,0,0
5,0,0,0
20,0,0,0
2,0,0,0
14,0,0,0
49,0,0,0
2,0,0,0
10,0,0,0
10,0,0,0
11,0,0,0
12,0,0,0
22,0,0,0
135,0,1,0
20,0,0,0
6,0,0,0
1,0,0,0
1,0,0,0
6,0,0,0
2,0,0,0
2,0,0,0
10,0,0,0
1,0,0,0
21,0,0,0
288,0,0,0
1,0,0,0
292,0,1,0
25,0,0,0
20,0,0,0
103,0,1,0
15,0,0,0
1347,0,1,0
4,0,0,0
30,0,0,0
10,0,1,0
9,0,0,0
1,0,0,0
12,0,0,0
2,0,0,0
47,0,0,0
21,0,0,0
12,0,0,0
1,0,0,0
17,0,0,0
16,0,0,0
42,0,0,0
23,0,0,0
15,0,0,0
16,0,0,0
1,0,0,0
1,0,0,0
19,0,0,0
4,0,0,0
212,0,0,0
218,0,0,0
2612,2,6,0
18,0,0,0
25,0,0,0
16,0,0,0
17,0,0,0
9,0,0,0
17,0,0,0
27,0,0,0
14,0,0,0
7,0,0,0
15,0,0,0
13,0,0,0
2,0,0,0
9,0,0,0
18,0,0,0
119,0,0,0
12,0,0,0
22,0,0,0
22,0,0,0
48,0,1,0
7,0,0,0
10,0,0,0
18,0,0,0
18,0,0,0
21,0,0,0
21,0,0,0
23,0,0,0
11,0,0,0
6,0,0,0
22,0,0,0
52,0,0,0
7,0,0,0
2,0,0,0
12,0,0,0
1089,1,1,0
1,0,0,0
13,0,0,0
1,0,0,0
1,0,0,0
16,0,0,0
160,0,0,0
2,0,0,0
1,0,0,0
29,0,0,0
1,0,0,0
13,0,0,0
1058,0,1,0
2,0,0,0
7,0,0,0
12,0,0,0
3,0,0,0
29,0,0,0
186,0,1,0
52,0,0,0
1,0,0,0
44,0,0,0
10,0,0,0
7,0,0,0
4,0,0,0
82,0,0,0
18,0,0,0
43,0,0,0
8,0,0,0
29,0,0,0
19,0,0,0
672,0,3,0
5,0,0,0
11,0,0,0
14,0,0,0
1,0,0,0
16,0,0,0
7,0,0,0
11,0,0,0
25,0,0,0
14,0,0,0
1,0,0,0
10,0,0,0
17,0,1,0
16,0,0,0
20,0,0,0
4,0,0,0
3,0,0,0
2,0,0,0
18,0,0,0
1,0,0,0
11,0,0,0
17,0,0,0
101,0,0,0
23,0,0,0
18,0,0,0
38,0,0,0
9,0,0,0
29,0,0,0
2,0,0,0
165,0,0,0
88,0,0,0
27,0,0,0
1636,1,7,0
8,0,0,0
22,0,0,0
5,0,0,0
22,0,0,0
1018,0,5,0
2,0,0,0
12,0,0,0
2,0,0,0
2,0,0,0
72,0,0,0
7,0,0,0
69,0,0,0
513,0,2,0
647,2,2,0
11,0,0,0
11,0,0,0
29,0,0,0
12,0,0,0
1,0,0,0
10,0,0,0
29,0,0,0
18,0,0,0
5,0,0,0
8,0,0,0
33,0,0,0
31,0,0,0
71,0,0,0
20,0,0,0
4,0,0,0
12,0,0,0
29,0,0,0
1,0,0,0
1,0,0,0
395,0,0,0
50,0,0,0
1,0,0,0
562,0,0,0
8,0,0,0
20,0,0,0
117,0,1,0
21,0,0,0
46,0,0,0
18,0,0,0
19,0,0,0
5,0,0,0
130,0,0,0
167,0,0,0
31,0,0,0
74,0,0,0
11,0,0,0
723,1,1,0
2,0,0,0
7,0,0,0
57,0,1,0
2,0,0,0
26,0,0,0
53,0,0,0
1,0,0,0
292,0,2,0
49,0,0,0
13,0,0,0
10,0,0,0
13,0,0,0
16,0,0,0
1672,0,4,0
8,0,0,0
1,0,0,0
6,0,0,0
194,0,0,0
5,0,0,0
3,0,0,0
16,0,0,0
4,0,0,0
35,0,0,0
19,0,0,0
330,0,3,0
8,0,0,0
10,0,0,0
426,0,0,0
22,0,0,0
23,0,0,0
16,0,0,0
15,0,0,0
23,0,0,0
36,0,0,0
14,0,2,0
1,0,0,0
53,0,1,0
3,0,0,0
1,0,0,0
18,0,0,0
20,0,0,0
1,0,0,0
7,0,0,0
2,0,0,0
11,0,0,0
1,0,0,0
1,0,0,0
94,0,0,0
1,0,0,0
30,0,0,0
77,0,0,0
45,0,0,0
1,0,0,0
2,0,0,0
22,0,0,0
1,0,0,0
1109,0,1,0
14,0,0,0
7,0,0,0
3,0,0,0
24,0,0,0
32,0,0,0
14,0,0,0
1,0,0,0
1,0,0,0
29,0,1,0
12,0,0,0
1,0,0,0
58,0,0,0
10,0,0,0
21,0,0,0
13,0,0,0
13,0,0,0
6,0,0,0
564,0,2,0
894,0,2,0
37,0,0,0
8,0,0,0
1,0,0,0
252,0,0,0
12,0,0,0
2,0,0,0
15,0,0,0
1,0,0,0
26,0,0,0
55,0,0,0
11,0,0,0
14,0,0,0
25,0,0,0
1,0,0,0
3,0,0,0
5,0,0,0
11,0,0,0
190,0,0,0
15,0,0,0
18,0,0,0
36,0,0,0
2,0,0,0
3,0,0,0
5,0,0,0
6,0,0,0
45,0,0,0
3,0,0,0
7,0,0,0
84,0,0,0
11,0,0,0
14,0,0,0
77,0,0,0
54,0,0,0
6,0,0,0
7,0,0,0
5,0,0,0
1,0,0,0
19,0,0,0
1,0,0,0
37,0,0,0
10,0,0,0
21,0,1,0
216,0,0,0
25,0,0,0
33,0,0,0
3,0,0,0
6,0,0,0
21,0,0,0
32,0,0,0
4,0,0,0
188,0,0,0
3676,0,17,0
29,0,0,0
20,0,0,0
4,0,0,0
10,0,0,0
3,0,0,0
21,0,0,0
1,0,0,0
80,0,0,0
15,0,0,0
1,0,0,0
21,0,0,0
45,0,0,0
13,0,0,0
2,0,0,0
1,0,0,0
101,0,1,0
1,0,0,0
32,0,0,0
14,0,0,0
7,0,0,0
20,0,0,0
8,0,0,0
1,0,0,0
11,0,0,0
8,0,0,0
5,0,0,0
1,0,0,0
28,0,0,0
15,0,0,0
5,0,0,0
4,0,0,0
1,0,0,0
1,0,0,0
94,0,0,0
667,0,4,0
24,0,0,0
5,0,0,0
64,0,0,0
18,0,0,0
41,0,0,0
21,0,0,0
7,0,0,0
17,0,0,0
25,0,0,0
26,0,0,0
37,0,0,0
21,0,0,0
88,0,0,0
29,0,0,0
12,0,0,0
4,0,0,0
7,0,0,0
40,0,0,0
1,0,0,0
21,0,0,0
4,0,0,0
30,0,0,0
8,0,0,0
17,0,0,0
1,0,0,0
47,0,0,0
1,0,0,0
19,0,0,0
3,0,0,0
10,0,0,0
11,0,0,0
88,0,0,0
41,0,0,0
6,0,0,0
4,0,0,0
17,0,0,0
9,0,0,0
18,0,0,0
27,0,0,0
17,0,0,0
15,0,0,0
19,0,0,0
74,0,3,0
2,0,0,0
7,0,0,0
10,0,0,0
9,0,0,0
137,0,1,0
39,0,0,0
25,0,0,0
20,0,0,0
1,0,0,0
12,0,0,0
1,0,0,0
11,0,0,0
19,0,1,0
6,0,0,0
25,0,0,0
2334,0,7,0
26,0,0,0
6,0,0,0
17,0,0,0
21,0,0,0
6,0,0,0
117,0,0,0
8,0,1,0
52,0,0,0
228,0,1,0
15,0,0,0
15,0,0,0
17,0,0,0
26,0,0,0
4,0,0,0
45,0,1,0
707,2,0,0
2,0,0,0
24,0,0,0
293,0,2,0
5,0,0,0
14,0,0,0
36,0,0,0
111,0,0,0
7,0,0,0
37,0,0,0
1,0,0,0
87,0,0,0
49,0,0,0
23,0,0,0
112,0,0,0
66,0,0,0
217,0,0,0
8,0,0,0
3,0,0,0
259,0,0,0
21,0,0,0
11,0,0,0
4,0,0,0
1,0,0,0
21,0,0,0
148,0,0,0
6,0,0,0
25,0,0,0
10,0,0,0
20,0,0,0
5,0,0,0
11,0,0,0
3,0,0,0
12,0,0,0
53,0,0,0
18,0,0,0
52,0,0,0
20,0,0,0
28,0,0,0
1,0,0,0
1,0,0,0
531,0,1,0
21,0,0,0
7,0,0,0
4,0,0,0
18,0,0,0
2,0,0,0
65,0,0,0
16,0,0,0
1223,1,2,0
23,0,0,0
1,0,0,0
28,0,0,0
2,0,0,0
10,0,0,0
52,0,0,0
11,0,0,0
8,0,0,0
1,0,0,0
18,0,0,0
19,0,0,0
18,0,0,0
45,0,0,0
82,0,0,0
11,0,0,0
6,0,0,0
2,0,0,0
3,0,0,0
9,0,0,0
1,0,0,0
11,0,0,0
11,0,0,0
17,0,0,0
40,0,1,0
1,0,0,0
10,0,0,0
6,0,0,0
1,0,0,0
208,0,0,0
1,0,0,0
156,0,2,0
9,0,0,0
55,0,0,0
3,0,0,0
22,0,0,0
2,0,0,0
83,0,0,0
9,0,1,0
34,0,0,0
19,0,0,0
1,0,0,0
14,0,0,0
20,0,0,0
331,0,0,1
6,0,0,0
40,0,0,0
14,0,0,0
2,0,0,0
39,0,0,0
10,0,0,0
2,0,0,0
127,0,0,0
16,0,0,0
4,0,0,0
32,0,0,0
50,0,0,0
24,0,0,0
2,0,0,0
45,0,0,0
6,0,0,0
1,0,0,0
11,0,0,0
50,0,0,0
19,0,0,0
6,0,0,0
80,0,0,0
19,0,0,0
6,0,0,0
7,0,0,0
4,0,0,0
16,0,0,0
10,0,0,0
20,0,0,0
63,0,0,0
6,0,0,0
14,0,0,0
9,0,0,0
26,0,0,0
41,0,0,0
18,0,0,0
49,0,1,0
19,0,0,0
5,0,0,0
8,0,0,0
27,0,1,0
1,0,0,0
9,0,0,0
3,0,0,0
21,0,0,0
37,0,0,0
8,0,0,0
14,0,0,0
32,0,0,0
6,0,0,0
16,0,0,0
29,0,0,0
30,0,0,0
13,0,0,0
62,0,0,0
1,0,0,0
88,0,0,0
13,0,0,0
3,0,0,0
91,0,0,0
5,0,0,0
6,0,0,0
26,0,0,0
38,0,0,0
28,0,0,0
243,0,0,0
1,0,0,0
2,0,0,0
10,0,0,0
31,0,1,0
16,0,0,0
2,0,0,0
6,0,0,0
23,0,1,0
6,0,0,0
4,0,0,0
56,0,0,0
7,0,0,0
1,0,0,0
2,0,0,0
41,0,0,0
194,0,1,0
4,0,0,0
3,0,0,0
9,0,1,0
24,0,0,0
7,0,0,0
29,0,0,0
238,0,0,0
26,0,0,0
21,0,0,0
312,0,1,0
267,0,0,0
621,0,6,0
7,0,0,0
1,0,0,0
1126,0,4,0
15,0,0,0
22,0,0,0
31,0,0,0
19,0,0,0
68,0,0,0
1,0,0,0
159,0,0,0
13,0,0,0
242,0,0,0
2,0,0,0
12,0,0,0
1,0,0,0
9,0,0,0
1,0,0,0
129,0,0,0
25,0,0,0
10,0,1,0
30,0,0,0
15,0,0,0
18,0,0,0
1,0,0,0
25,0,0,0
27,0,0,0
882,0,4,0
6,0,0,0
20,0,0,0
27,0,0,0
2,0,0,0
14,0,0,0
9,0,0,0
250,0,0,0
20,0,0,0
101,0,0,0
5,0,0,0
12,0,0,0
36,0,0,0
901,0,7,0
308,1,3,0
25,0,0,0
46,0,0,0
2,0,0,0
13,0,0,0
136,0,0,0
1,0,0,0
20,0,0,0
16,0,0,0
15,0,0,0
22,0,1,0
20,0,0,0
2,0,0,0
14,0,0,0
52,0,0,0
13,0,0,0
2,0,0,0
1,0,0,0
15,0,0,0
1,0,0,0
8,0,0,0
103,0,0,0
3,0,0,0
25,0,0,0
2,0,0,0
3,0,0,0
3,0,0,0
10,0,0,0
8,0,0,0
62,0,0,0
7,0,0,0
2,0,0,0
20,0,0,0
43,0,0,0
7,0,0,0
1,0,0,0
10,0,0,0
163,0,1,0
2,0,0,0
4,0,0,0
35,0,0,0
82,0,0,0
4,0,0,0
26,0,0,0
1,0,0,0
26,0,0,0
5,0,0,0
28,0,0,0
147,0,0,0
13,0,0,0
28,0,0,0
10,0,0,0
4,0,0,0
12,0,0,0
5,0,0,0
243,0,0,0
7,0,0,0
19,0,0,0
3,0,0,0
63,0,1,0
10,0,0,0
16,0,0,0
60,0,0,0
1,0,0,0
30,0,0,0
14,0,0,0
8,0,0,0
718,0,0,0
86,0,1,0
14,0,0,0
4,0,0,0
17,0,1,0
22,0,0,0
837,1,3,0
3,0,0,0
155,0,0,0
25,0,0,0
1,0,0,0
22,0,0,0
1,0,0,0
107,0,0,0
4,0,0,0
18,0,0,0
266,0,0,0
5,0,0,0
2,0,0,0
3,0,0,0
120,0,0,0
4,0,0,0
18,0,0,0
33,0,0,0
71,0,0,0
14,0,0,0
1,0,0,0
37,0,0,0
25,0,0,0
17,0,0,0
18,0,0,0
42,0,0,0
1,0,0,0
24,0,0,0
4,0,0,0
480,0,1,0
3,0,0,0
96,0,0,0
31,0,0,0
1,0,0,0
9,0,0,0
31,0,0,0
7,0,0,0
16,0,0,0
1,0,0,0
6,0,0,0
1,0,0,0
12,0,0,0
2114,0,3,0
126,0,2,0
4,0,0,0
24,0,0,0
20,0,0,0
21,0,0,0
1,0,0,0
4,0,0,0
80,0,0,0
37,0,0,0
1,0,0,0
23,0,0,0
1704,0,6,0
3,0,0,0
12,0,0,0
26,0,0,0
5,0,0,0
62,0,2,0
17,0,0,0
5,0,0,0
26,0,0,0
12,0,0,0
3,0,0,0
6,0,0,0
7,0,0,0
1,0,0,0
21,0,0,0
12,0,0,0
4,0,0,0
10,0,0,0
27,0,0,0
544,0,5,1
9,0,0,0
263,0,0,0
8,0,0,0
23,0,0,0
26,0,0,0
23,0,0,0
8,0,0,0
3,0,0,0
9,0,0,0
15,0,0,0
8,0,0,0
54,0,0,0
4,0,0,0
29,0,0,0
1,0,0,0
7,0,0,0
23,0,0,0
2,0,0,0
139,0,0,0
51,0,0,0
23,0,0,0
1043,1,12,0
1,0,0,0
14,0,0,0
12,0,0,0
102,0,0,0
36,0,0,0
2,0,0,0
56,0,0,0
280,0,0,0
197,1,0,0
11,0,0,0
18,0,0,0
24,0,1,0
76,0,0,0
2,0,0,0
9,0,0,0
10,0,0,0
4,0,0,0
11,0,0,0
9,0,0,0
17,0,0,0
18,0,0,0
12,0,0,0
4,0,0,0
17,0,0,0
7,0,0,0
496,0,2,0
2,0,0,0
1,0,0,0
12,0,0,0
52,0,0,0
1,0,0,0
24,0,0,0
10,0,0,0
39,0,0,0
8,0,0,0
17,0,0,0
7,0,0,0
8,0,0,0
14,0,0,0
1,0,0,0
37,0,1,0
10,0,0,0
7,0,1,0
42,0,0,0
42,0,1,0
12,0,0,0
6,0,0,0
3,0,0,0
15,0,0,0
6,0,0,0
1,0,0,0
1020,0,8,0
12,0,0,0
12,0,0,0
110,0,0,0
2,0,0,0
11,0,0,0
18,0,0,0
19,0,0,0
12,0,0,0
10,0,0,0
13,0,0,0
23,0,0,0
5,0,0,0
3,0,0,0
10,0,0,0
33,0,0,0
49,0,0,0
292,0,2,0
32,0,0,0
20,0,0,0
11,0,0,0
7,0,0,0
50,0,2,0
20,0,0,0
2,0,0,0
29,0,0,0
4,0,0,0
28,0,0,0
31,0,0,0
15,0,0,0
6,0,0,0
344,0,2,1
3,0,0,0
1,0,0,0
36,0,0,0
15,0,0,0
10,0,0,0
11,0,0,0
70,0,0,0
11,0,0,0
59,0,0,0
5,0,0,0
20,0,0,0
20,0,0,0
78,0,0,0
8,0,0,0
1,0,0,0
31,0,0,0
28,0,0,0
10,0,0,0
8,0,0,0
147,0,0,0
5,0,0,0
46,0,0,0
1,0,0,0
9,0,0,0
21,0,0,0
334,0,1,0
1,0,0,0
8,0,0,0
1,0,0,0
22,0,0,0
1,0,0,0
9,0,0,0
175,0,0,0
7,0,0,0
37,0,0,0
17,0,0,0
9,0,0,0
12,0,0,0
13,0,0,0
37,0,1,0
799,0,0,0
12,0,0,0
3935,0,5,0
40,0,0,0
707,0,4,0
1,0,0,0
30,0,0,0
7,0,0,0
18,0,0,0
14,0,0,0
156,0,0,0
21,0,0,0
4,0,0,0
23,0,0,0
50,0,0,0
1,0,0,0
7,0,0,0
21,0,0,0
68,0,0,0
1,0,0,0
12,0,0,0
7,0,0,0
3,0,0,0
19,0,0,0
98,0,0,0
22,0,0,0
9,0,0,0
20,0,0,0
20,0,0,0
5,0,0,0
54,0,0,0
87,0,0,0
7,0,0,0
11,0,0,0
36,0,0,0
1,0,0,0
3,0,0,0
39,0,0,0
3,0,0,0
20,0,0,0
43,0,0,0
23,0,0,0
72,0,0,0
44,0,0,0
16,0,0,0
13,0,0,0
13,0,0,0
1,0,0,0
9,0,0,0
73,0,0,0
2,0,0,0
11,0,0,0
30,0,0,0
1,0,0,0
14,0,0,0
56,0,0,0
5917,1,48,0
63,0,0,0
4,0,0,0
17,0,0,0
1,0,0,0
5,0,0,0
2,0,0,0
77,0,0,0
1,0,0,0
4,0,0,0
105,0,0,0
4,0,0,0
21,0,0,0
41,0,1,0
196,0,2,0
10,0,1,0
67,0,1,0
109,0,0,0
34,0,0,0
11,0,0,0
24,0,0,0
9,0,0,0
23,0,0,0
5,0,0,0
7,0,0,0
4,0,0,0
244,1,0,0
14,0,0,0
19,0,0,0
4,0,0,0
5,0,0,0
48,0,0,0
5,0,0,0
71,0,1,0
16,0,0,0
46,0,0,0
2,0,0,0
8,0,0,0
8,0,0,0
18,0,0,0
15,0,0,0
22,0,0,0
1,0,0,0
3,0,0,0
16,0,1,0
13,0,0,0
75,0,0,0
1,0,0,0
4,0,0,0
19,0,0,0
6,0,0,0
114,1,0,0
34,0,0,0
2258,0,17,0
7,0,0,0
1,0,0,0
20,0,0,0
4,0,0,0
9,0,0,0
141,0,0,0
4,0,0,0
1,0,0,0
21,0,0,0
18,0,0,0
163,0,0,0
8,0,0,0
3,0,0,0
16,0,0,0
14,0,0,0
11,0,0,0
19,0,0,0
14,0,0,0
14,0,0,0
17,0,0,0
40,0,0,0
582,1,2,0
80,0,0,0
2,0,0,0
938,1,4,0
1016,1,6,0
22,0,0,0
8,0,0,0
1,0,0,0
8,0,0,0
42,0,0,0
57,0,0,0
3,0,1,0
14,0,0,0
11,0,0,0
7,0,0,0
646,0,0,0
1,0,0,0
19,0,0,0
2,0,0,0
22,0,0,0
79,0,1,0
12,0,0,0
590,0,0,0
1,0,0,0
27,0,0,0
4,0,0,0
38,0,0,0
12,0,0,0
70,0,0,0
121,0,1,0
5,0,0,0
12,0,0,0
17,0,0,0
24,0,0,0
4,0,0,0
2,0,0,0
35,0,0,0
48,0,0,0
5,0,0,0
219,0,0,0
3,0,0,0
18,0,0,0
12,0,0,0
22,0,0,0
25,0,0,0
20,0,0,0
53,0,1,0
8,0,0,0
8,0,0,0
11,0,0,0
5,0,0,0
4,0,0,0
16,0,0,0
4,0,0,0
26,0,0,0
51,0,0,0
1,0,0,0
16,0,0,0
18,0,0,0
23,0,0,0
13,0,0,0
14,0,0,0
51,0,0,0
13,0,0,0
168,0,0,0
8,0,0,0
254,0,2,0
13,0,0,0
40,0,0,0
9,0,0,0
25,0,0,0
14,0,0,0
357,0,0,0
25,0,1,0
89,0,1,0
218,0,2,0
1,0,0,0
19,0,0,0
17,0,0,0
2,0,0,0
29,0,0,0
29,0,0,0
1242,0,0,0
1,0,0,0
30,0,1,0
15,0,0,0
2,0,0,0
12,0,0,0
1,0,0,0
21,0,0,0
400,0,0,0
3,0,0,0
7,0,0,0
17,0,0,0
2,0,0,0
5,0,0,0
5,0,0,0
27,0,0,0
23,0,0,0
19,0,0,0
1,0,0,0
27,0,0,0
7,0,0,0
3,0,0,0
15,0,0,0
29,0,0,0
13,0,0,0
4,0,0,0
149,0,1,0
10,0,0,0
9,0,0,0
